0.0 1000.0 -9.95618224 -7.04201893 -0.49083102863822803 0.0
0.00048217160920716517 2.318992443325459 -7.01602867 -7.05549489 nan 0.0
0.0009689448809790198 2.2897841334713562 -6.82940891 -7.10128462 -2.318992443325459 0.0
0.0009983326749620366 2.2397467094951873 -6.97687307 -7.11637298 -2.2897841334713562 0.0
0.001016951601308061 2.232314923258298 -6.92213803 -7.13023879 -2.2397467094951873 0.0
0.0010183147725807103 2.217210175915585 -6.91263689 -7.13732768 -2.232314923258298 0.0
0.001017807854526034 2.213356785673161 -6.63409747 -7.04623449 -2.217210175915585 0.0
0.0010108073615660654 2.2111106091591854 -7.00659103 -7.12037585 -2.213356785673161 0.0
0.001028414932131981 2.15957996763951 -7.02454661 -7.14110716 -2.2111106091591854 0.0
0.0010551221364859793 2.1393726249068474 -7.07114105 -7.12921681 -2.15957996763951 0.0
0.0010611124266044199 2.1282853801282076 -6.59267418 -7.04705981 -2.1393726249068474 0.0
0.0010637771473339336 2.114472720421257 -6.6382515 -7.07971325 -2.1282853801282076 0.0
0.0010664696427484506 2.103312413031597 -7.13542584 -7.1091432 -2.114472720421257 0.0
0.0010638966648424328 2.0993758498096753 -7.03849633 -7.16958671 -2.103312413031597 0.0
0.001090394684957328 2.035233345538589 -7.17450963 -7.131216 -2.0993758498096753 0.0
0.0011148148322063915 2.0341499039077147 -7.10371627 -7.17957688 -2.035233345538589 0.0
0.0011108228194108085 2.0225406874375613 -6.9001451 -7.22052501 -2.0341499039077147 0.0
0.001114849869485763 2.0070381699561954 -6.81272847 -7.20319494 -2.0225406874375613 0.0
0.0011135747333059366 2.004869976597356 -7.08713108 -7.20681672 -2.0070381699561954 0.0
0.001107707065233363 1.997715428502747 -7.25110012 -7.08674139 -2.004869976597356 0.0
0.0011061727210178477 1.9877535548953835 -6.88562338 -7.23261865 -1.997715428502747 0.0
0.001101157295762636 1.9868788372249497 -6.87741789 -7.23118177 -1.9877535548953835 0.0
0.0010993215439652519 1.9712507654429803 -6.69470208 -7.16015281 -1.9868788372249497 0.0
0.0011069538151739652 1.9531614797497148 -6.95027649 -7.25765497 -1.9712507654429803 0.0
0.0011104614053542065 1.9449577698422074 -6.58752659 -7.10169522 -1.9531614797497148 0.0
0.001106745818099297 1.9399534444296858 -7.1251564 -7.23318863 -1.9449577698422074 0.0
0.0011205970219049554 1.900563544358663 -7.22269098 -7.20855338 -1.9399534444296858 0.0
0.0011338523238711336 1.8961510394734302 -7.00879453 -7.28712775 -1.900563544358663 0.0
0.0011254944609872676 1.8954551581477215 -7.21185725 -7.22044855 -1.8961510394734302 0.0
0.0011244550987786698 1.8781727230088374 -6.65665269 -7.16972103 -1.8954551581477215 0.0
0.0011343319752259338 1.8580899585925006 -7.19263368 -7.26193988 -1.8781727230088374 0.0
0.0011371733588126972 1.8531737480328379 -6.68868303 -7.19831505 -1.8580899585925006 0.0
0.0011338214240005323 1.844107712866552 -7.22543934 -7.25564042 -1.8531737480328379 0.0
0.0011357850148665367 1.829842737231736 -6.79532385 -7.26480127 -1.844107712866552 0.0
0.0011448135142226538 1.8084353477936985 -6.55518067 -7.12406238 -1.829842737231736 0.0
0.0011459993981149366 1.807756945649069 -7.32520003 -7.2004005 -1.8084353477936985 0.0
0.0011922838743598627 1.7116553677421888 -7.38842126 -7.22445141 -1.807756945649069 0.0
0.0012471650746232886 1.6956079816818217 -7.44036141 -7.11434923 -1.7116553677421888 0.0
0.0012529386285523958 1.6824959883289599 -7.45608687 -7.08180793 -1.6956079816818217 0.0
0.0012645296426669747 1.657404660841569 -7.47130066 -7.07766462 -1.6824959883289599 0.0
0.0012736085635330831 1.6481512814379742 -7.41577778 -7.26806307 -1.657404660841569 0.0
0.0012718825827102292 1.6402105736185437 -6.68406508 -7.27461241 -1.6481512814379742 0.0
0.0012671465502161966 1.6357011192864375 -7.48712581 -7.05847089 -1.6402105736185437 0.0
0.001257906767703874 1.6349420076680672 -7.48481608 -7.07357347 -1.6357011192864375 0.0
0.0012599554569650562 1.612669675717421 -6.6438409 -7.25780872 -1.6349420076680672 0.0
0.0012642259702015323 1.6081550599335297 -6.61137963 -7.23637793 -1.612669675717421 0.0
0.001268897900039857 1.5855147125048223 -6.46684004 -7.13309014 -1.6081550599335297 0.0
0.0012976110667098555 1.5438086628291496 -6.3944158 -7.08780831 -1.5855147125048223 0.0
0.0013199548677179354 1.5310745489069642 -6.48033106 -7.16388974 -1.5438086628291496 0.0
0.0013176640290319989 1.5273450412732759 -6.44207708 -7.13381027 -1.5310745489069642 0.0
0.001312052714219547 1.5197201957522508 -7.53601695 -7.16183301 -1.5273450412732759 0.0
0.001324743348566469 1.488422967672177 -6.56337132 -7.24614597 -1.5197201957522508 0.0
0.0013433103693699896 1.4718071833927902 -7.57821193 -7.06285569 -1.488422967672177 0.0
0.0014090465841971338 1.3752314923782996 -7.63456946 -7.05395159 -1.4718071833927902 0.0
0.0014799639229385155 1.3515075802908738 -6.45704147 -7.21388315 -1.3752314923782996 0.0
0.00149756036729335 1.3316494107589525 -7.65736598 -7.0976505 -1.3515075802908738 0.0
0.0015106731917292626 1.314148876535748 -7.65696574 -7.22052613 -1.3316494107589525 0.0
0.0015152701482675844 1.3056136653806207 -6.35478131 -7.14396073 -1.314148876535748 0.0
0.00152345785896732 1.2835736017968349 -7.68797887 -7.08103672 -1.3056136653806207 0.0
0.0015289010248170968 1.2784650204424237 -7.6759467 -7.2625841 -1.2835736017968349 0.0
0.0015232029521952662 1.2711475413912297 -7.69370501 -7.11558452 -1.2784650204424237 0.0
0.0015231861672185387 1.25861229441435 -6.46499312 -7.25913475 -1.2711475413912297 0.0
0.0015254432524492397 1.2482728794898117 -6.31452411 -7.13158441 -1.25861229441435 0.0
0.0015217370184877378 1.2435556050403913 -7.70818394 -7.16597081 -1.2482728794898117 0.0
0.0015126761109255675 1.240313515580349 -6.43770305 -7.24353858 -1.2435556050403913 0.0
0.0015160932036307772 1.2192503790733866 -7.72629031 -7.13123623 -1.240313515580349 0.0
0.0015205448304505928 1.2144438248865246 -7.72653966 -7.18099453 -1.2192503790733866 0.0
0.0015152031826322504 1.2063984591693633 -7.73314963 -7.16145443 -1.2144438248865246 0.0
0.0015131852615178063 1.197213412705013 -7.73315828 -7.25223673 -1.2063984591693633 0.0
0.0015097116136431065 1.1910825541919812 -7.74049829 -7.21097164 -1.197213412705013 0.0
0.0015107990294490135 1.1759207810424273 -7.749149 -7.23933853 -1.1910825541919812 0.0
0.001554473568554138 1.1150539185099753 -6.22331672 -7.10561619 -1.1759207810424273 0.0
0.0015869906080903098 1.1136893814074549 -6.30373711 -7.18012324 -1.1150539185099753 0.0
0.0015726496964192731 1.1133080716358206 -7.79890101 -7.12764981 -1.1136893814074549 0.0
0.0015942921601455348 1.066989098276415 -6.35125409 -7.24485019 -1.1133080716358206 0.0
0.0016181161405013345 1.06320917728798 -6.28864905 -7.18957055 -1.066989098276415 0.0
0.001618034070390042 1.0472499796022243 -6.35747906 -7.25985699 -1.06320917728798 0.0
0.0016148423680948855 1.0471939000455859 -7.84770167 -7.1244189 -1.0472499796022243 0.0
0.0016011225022358664 1.044416045935208 -6.2153946 -7.13061943 -1.0471939000455859 0.0
0.0015991532238886282 1.0298060578457517 -7.85784974 -7.25612276 -1.044416045935208 0.0
0.001598236742666949 1.0256129540066683 -7.86498574 -7.06732186 -1.0298060578457517 0.0
0.0016046294043544325 1.0020560424614868 -6.18415331 -7.12158206 -1.0256129540066683 0.0
0.0016341815185065267 0.9693425949729075 -7.9100641 -7.04308355 -1.0020560424614868 0.0
0.0016512789032409616 0.9610888774848048 -7.91660514 -7.15037044 -0.9693425949729075 0.0
0.0016419815455747313 0.9607175539853317 -7.91708469 -7.12658423 -0.9610888774848048 0.0
0.0016576335851857373 0.92257730445423 -7.94983105 -7.21951912 -0.9607175539853317 0.0
0.0016822978276922567 0.910947896733801 -7.96073184 -7.07780228 -0.92257730445423 0.0
0.0016822314953813767 0.9027385412211046 -7.96813198 -7.21881308 -0.910947896733801 0.0
0.001693534721384315 0.877792533095527 -6.21612088 -7.21511426 -0.9027385412211046 0.0
0.0017163822758469872 0.8559993373607769 -8.01352088 -7.16523511 -0.877792533095527 0.0
0.0017181199978092724 0.8557493119610556 -8.01366272 -7.14083149 -0.8559993373607769 0.0
0.0017339744941154882 0.8180823383541383 -6.21883775 -7.25083887 -0.8557493119610556 0.0
0.0017858640008455986 0.7769446911950889 -6.10634085 -7.16742553 -0.8180823383541383 0.0
0.001828407151400327 0.7508432533145095 -8.13271472 -7.25881947 -0.7769446911950889 0.0
0.0018529731279436983 0.730286819892713 -8.15764538 -7.13689411 -0.7508432533145095 0.0
0.0018566466283878678 0.7268788007282024 -6.10685453 -7.19822726 -0.730286819892713 0.0
0.0018469067758844998 0.7209116480977655 -8.17009401 -7.12840815 -0.7268788007282024 0.0
0.0018348657522789934 0.7200512371276128 -6.07509987 -7.17186123 -0.7209116480977655 0.0
0.0018359505666194409 0.6999299203992639 -8.20249043 -7.27248224 -0.7200512371276128 0.0
0.0018367262225388267 0.6992047063676591 -6.05632787 -7.1668913 -0.6999299203992639 0.0
0.0018223384504249733 0.6957605343998718 -6.1155635 -7.22633014 -0.6992047063676591 0.0
0.0018267565623968894 0.6745703631375088 -8.23645275 -7.07738569 -0.6957605343998718 0.0
0.0018296310511648466 0.672603963496303 -6.10441852 -7.23072732 -0.6745703631375088 0.0
0.0018202106037340043 0.6650074104398216 -6.06168457 -7.19441621 -0.672603963496303 0.0
0.0018091015475777594 0.6649326188106038 -6.07596114 -7.20830263 -0.6650074104398216 0.0
0.0017992019297848447 0.656100539166603 -8.26731915 -7.10741543 -0.6649326188106038 0.0
0.0017925923445979161 0.6523766922522556 -8.27875742 -7.28875272 -0.656100539166603 0.0
0.0017787294677814045 0.6517234815326763 -8.28002963 -7.29430898 -0.6523766922522556 0.0
0.0017619853992010093 0.6513921239390233 -6.04562952 -7.18799483 -0.6517234815326763 0.0
0.0017578026458635854 0.6366306841628258 -8.30554494 -7.2369584 -0.6513921239390233 0.0
0.001757402671451666 0.631897724255412 -9.96524875 -7.2636709 -0.6366306841628258 0.0
0.0017447188260496717 0.6312116453636132 -9.94672367 -7.29185216 -0.631897724255412 0.0
0.0017285702231708778 0.6305946505631782 -9.94263234 -7.29815017 -0.6312116453636132 0.0
0.0017203701596691567 0.620844911598579 -9.91101982 -7.15562111 -0.6305946505631782 0.0
0.0017139212263247744 0.6181832290007615 -9.87937739 -7.22580674 -0.620844911598579 0.0
0.0017021428785290603 0.6147372196765791 -9.86270499 -7.17227285 -0.6181832290007615 0.0
0.0016886251987246197 0.6142261999714974 -9.85914361 -7.23636015 -0.6147372196765791 0.0
0.0016731298030289478 0.6132741193197248 -9.85438519 -7.22818028 -0.6142261999714974 0.0
0.001657862314453076 0.6126593978604129 -9.85698303 -7.09409863 -0.6132741193197248 0.0
0.0016421901363297138 0.6123698045359209 -8.34735839 -7.09624294 -0.6126593978604129 0.0
0.0016261733492149955 0.6123610824516739 -8.34702697 -7.08769398 -0.6123698045359209 0.0
0.0016149844209862308 0.6062869786735234 -9.81928518 -7.17147521 -0.6123610824516739 0.0
0.0016047328788029718 0.6051874954940026 -9.81387596 -7.12964657 -0.6062869786735234 0.0
0.0015917305779214795 0.602658561531936 -9.80093704 -7.17793505 -0.6051874954940026 0.0
0.0015786899718510429 0.6017383800892124 -6.10167324 -7.27723622 -0.602658561531936 0.0
0.0015646031271077836 0.6006843108067708 -8.37345253 -7.13587228 -0.6017383800892124 0.0
0.0015504644220620293 0.59999293160052 -9.78771727 -7.24867256 -0.6006843108067708 0.0
0.001536113236482172 0.5993819419511222 -8.37946949 -7.21187696 -0.59999293160052 0.0
0.0015229946168909708 0.5972469447451481 -8.37881802 -7.08748488 -0.5993819419511222 0.0
0.0015102420673638838 0.5962975497746492 -9.76851943 -7.07510808 -0.5972469447451481 0.0
0.0014979728906892205 0.5936621132082051 -8.38920807 -7.14208758 -0.5962975497746492 0.0
0.0014852428424377486 0.5934641590476569 -9.75410867 -7.12773045 -0.5936621132082051 0.0
0.0014713302392504182 0.5925843809934395 -9.7496288 -7.13230386 -0.5934641590476569 0.0
0.0014602855358831963 0.588637053449419 -9.7292153 -7.09495334 -0.5925843809934395 0.0
0.0014493250007150743 0.5877481371309401 -9.72459769 -7.08707664 -0.588637053449419 0.0
0.001437256363462769 0.585461378035585 -9.71397802 -7.26306595 -0.5877481371309401 0.0
0.0014248643138027569 0.5851649945391917 -8.411511 -7.20027796 -0.585461378035585 0.0
0.001411113214450963 0.5849560735204722 -6.00459589 -7.195038 -0.5851649945391917 0.0
0.0013992066549969975 0.5822132141095235 -8.41638954 -7.15304289 -0.5849560735204722 0.0
0.0013874193956556508 0.5819734039090878 -9.69562834 -7.218743 -0.5822132141095235 0.0
0.0013739263417298251 0.5818583173487775 -9.69394607 -7.0671173 -0.5819734039090878 0.0
0.0013631140512798908 0.5778782149047117 -8.42713621 -7.15566289 -0.5818583173487775 0.0
0.0013525861401499227 0.577460552117438 -9.67146622 -7.13935035 -0.5778782149047117 0.0
0.0013395935764779457 0.5772818225005794 -9.67158744 -7.25436301 -0.577460552117438 0.0
0.001327001822690535 0.5764483319626703 -9.66760793 -7.29031904 -0.5772818225005794 0.0
0.0013148390282627007 0.5757968586662137 -9.66315075 -7.18546644 -0.5764483319626703 0.0
0.0013026158097457921 0.5752273293307943 -9.66069901 -7.23990874 -0.5757968586662137 0.0
0.0012909144369786635 0.5739436698214077 -9.65273937 -7.1135735 -0.5752273293307943 0.0
0.0012805365054701487 0.5714711801966499 -9.63925581 -7.07171054 -0.5739436698214077 0.0
0.0012707990724958858 0.5693091313455729 -9.62916514 -7.21393795 -0.5714711801966499 0.0
0.001260278837291495 0.5681954552184226 -6.00698048 -7.20992143 -0.5693091313455729 0.0
0.001249505741423008 0.5665786723857602 -9.61460554 -7.21636299 -0.5681954552184226 0.0
0.0012387398292031814 0.5656013191455048 -9.60953541 -7.23139674 -0.5665786723857602 0.0
0.0012278983086301818 0.5642593827966195 -8.46889355 -7.27332139 -0.5656013191455048 0.0
0.0012168663658765114 0.5637502999122004 -9.59925462 -7.20624241 -0.5642593827966195 0.0
0.0012067173438542577 0.5611109335367215 -9.58354421 -7.09232157 -0.5637502999122004 0.0
0.0011966300620078177 0.5606367717382927 -9.58314023 -7.27013246 -0.5611109335367215 0.0
0.0011854234585211131 0.5600288376124037 -9.57966522 -7.25787765 -0.5606367717382927 0.0
0.001174780317698293 0.5587741976881206 -8.48463574 -7.27507117 -0.5600288376124037 0.0
0.0011641622019120314 0.5582867980302044 -8.48460163 -7.24850482 -0.5587741976881206 0.0
0.0011532778872269732 0.5576605021249867 -9.56464833 -7.10079574 -0.5582867980302044 0.0
0.0011424288208347418 0.5572894406449342 -9.56443623 -7.24382251 -0.5576605021249867 0.0
0.001132112286783238 0.5559030314767649 -9.55571873 -7.1648259 -0.5572894406449342 0.0
0.0011221761030212446 0.5550193312060968 -9.55012061 -7.11347421 -0.5559030314767649 0.0
0.0011128403409774886 0.5527117789414807 -9.53696288 -7.09798809 -0.5550193312060968 0.0
0.0011034336524287306 0.5520950184152386 -9.53487829 -7.20017604 -0.5527117789414807 0.0
0.0010934063270241813 0.551069137679436 -9.52846936 -7.15598961 -0.5520950184152386 0.0
0.001084478921850645 0.5485921849204297 -9.51330829 -7.0822682 -0.551069137679436 0.0
0.0010752064005021065 0.5483409012487735 -9.51476138 -7.28815043 -0.5485921849204297 0.0
0.001065011800811059 0.5477451240522538 -9.50845264 -7.08342041 -0.5483409012487735 0.0
0.0010556217838451627 0.5461526203848741 -9.50162865 -7.2488368 -0.5477451240522538 0.0
0.0010460174395999443 0.5461236759999678 -9.50060243 -7.18836822 -0.5461526203848741 0.0
0.0010362581621965142 0.5449997423912936 -9.49420208 -7.19710423 -0.5461236759999678 0.0
0.001027107120291109 0.5439631161666646 -9.48689852 -7.11240033 -0.5449997423912936 0.0
