1.9523454356919092e-07 10.140796516216573 -6.11089011 3.13622758 -0.9874376923763466 0.0
4.245878253041278e-07 9.961391484539476 -6.27886138 3.8281852 -10.140796516216573 0.0
6.193271469708386e-07 9.428102859062005 -6.12811781 2.79226289 -9.961391484539476 0.0
8.29873844350795e-07 9.290657500881663 -6.33110222 3.65312986 -9.428102859062005 0.0
1.092106333316458e-06 8.893483683988777 -6.46456298 4.87344753 -9.290657500881663 0.0
1.6158326303603929e-06 8.488765136971885 -6.35297944 3.13697584 -8.893483683988777 0.0
1.9491495834895208e-06 8.458060329241231 -6.42858026 3.75187995 -8.488765136971885 0.0
3.7305570537958466e-06 7.425691948267331 -6.06205604 1.7412863 -8.458060329241231 0.0
5.6165314781314565e-06 7.365363971257548 -6.18798546 1.89224943 -7.425691948267331 0.0
5.984813631958014e-06 7.279694030803547 -6.38289111 2.39493412 -7.365363971257548 0.0
6.783165542358849e-06 7.1011505415775265 -6.44633136 2.59316708 -7.279694030803547 0.0
8.668188915016416e-06 6.786112771416436 -6.47424571 2.50395353 -7.1011505415775265 0.0
1.409005504036615e-05 6.176441259122146 -6.38290494 1.71835872 -6.786112771416436 0.0
2.4060295411489558e-05 5.668358750193281 -6.00621303 1.09405 -6.176441259122146 0.0
3.03226366598786e-05 5.630383539516927 -6.64087519 2.71164328 -5.668358750193281 0.0
3.147613748032003e-05 5.574215780866794 -6.55159912 1.93042254 -5.630383539516927 0.0
3.458094895038024e-05 5.426963768346312 -6.06163456 1.04774419 -5.574215780866794 0.0
3.788316810694719e-05 5.367378727555239 -6.71334732 3.57544205 -5.426963768346312 0.0
4.612937850067664e-05 5.0391094706114 -6.71304161 2.7497167 -5.367378727555239 0.0
5.441103709405198e-05 4.991002511234908 -6.12199002 0.94728529 -5.0391094706114 0.0
5.706190836656346e-05 4.924593106333086 -6.65359144 1.93791865 -4.991002511234908 0.0
5.8990947794490965e-05 4.903615087535648 -6.65397614 1.91773361 -4.924593106333086 0.0
6.764502531716347e-05 4.647195694135258 -6.36263389 1.0014758 -4.903615087535648 0.0
7.604671909437454e-05 4.633222230198817 -6.75348059 2.58629629 -4.647195694135258 0.0
9.989267705510732e-05 4.141578606607266 -6.73170656 1.61323729 -4.633222230198817 0.0
0.00013369714071701118 3.9772722993175895 -6.42543995 0.81850304 -4.141578606607266 0.0
0.0001569042921507951 3.802449583050529 -6.88425082 3.10847549 -3.9772722993175895 0.0
0.00017370524502669638 3.747059804614064 -6.68200293 1.08794272 -3.802449583050529 0.0
0.0001804503159491118 3.7060119871492243 -6.00395724 0.58158296 -3.747059804614064 0.0
0.00018563031985417645 3.670450703591183 -6.89393216 2.7748639 -3.7060119871492243 0.0
0.00019560278063961473 3.5830468321362616 -6.67231364 0.9672748 -3.670450703591183 0.0
0.00022742112858673233 3.359655789834045 -6.92393369 2.2648348 -3.5830468321362616 0.0
0.00026520869075129146 3.246470102936055 -6.88946355 1.55533655 -3.359655789834045 0.0
0.0002973291041110785 3.11239928736217 -6.92999873 1.67572322 -3.246470102936055 0.0
0.0003370809911448143 2.97577477376803 -7.02910352 2.96549603 -3.11239928736217 0.0
0.00042137231717793446 2.6654308598012686 -7.15289298 4.87179737 -2.97577477376803 0.0
0.0005453365006348016 2.429950201580399 -7.16064003 2.42687449 -2.6654308598012686 0.0
0.0006275440488939719 2.3523815139272033 -7.21590975 3.14935613 -2.429950201580399 0.0
0.0006680923705219839 2.284473200381448 -7.26829407 4.79475179 -2.3523815139272033 0.0
0.0008247534625072553 1.9396002067850124 -7.1368274 0.81053426 -2.284473200381448 0.0
0.0011186485828321294 1.6467624956315523 -7.28643941 0.77271963 -1.9396002067850124 0.0
0.0012828212660599917 1.624579385670396 -7.48337958 2.35820031 -1.6467624956315523 0.0
0.0012970609530649733 1.6047587603266795 -7.45563087 1.59654418 -1.624579385670396 0.0
0.0013048925144208037 1.5925780568296994 -7.41634714 1.16669235 -1.6047587603266795 0.0
0.0013403687709816299 1.5320874351126927 -7.55585534 4.02615773 -1.5925780568296994 0.0
0.0014419320872178733 1.42837242571903 -7.6100665 4.36356661 -1.5320874351126927 0.0
0.0015864690869284727 1.3213092308467345 -7.59888986 1.33209387 -1.42837242571903 0.0
0.0016962784717911197 1.2723548323733922 -7.68391454 2.86018842 -1.3213092308467345 0.0
0.0017218818863123553 1.270847872413442 -7.69919336 4.90541346 -1.2723548323733922 0.0
0.0017405490613756937 1.2312793870544982 -7.72089121 4.35291755 -1.270847872413442 0.0
0.0017607771731233052 1.2274501432403133 -7.72166317 4.02188248 -1.2312793870544982 0.0
0.0017847226474837926 1.184814012319054 -7.74043979 2.95182554 -1.2274501432403133 0.0
0.0019251604189596848 1.0595243183939262 -7.83473056 3.86566364 -1.184814012319054 0.0
0.0020999307788934093 0.9884635158347713 -7.80705762 0.87800282 -1.0595243183939262 0.0
0.0021540858273428613 0.9874376923763466 -7.87402059 2.04682152 -0.9884635158347713 0.0
0.00218571619780184 0.9399715358831487 -7.92811104 3.11535929 -0.9874376923763466 0.0
0.0022239277072925974 0.9323258068089467 -7.9384066 3.86463839 -0.9399715358831487 0.0
0.002231289178212491 0.91353521994293 -7.9484223 2.62531695 -0.9323258068089467 0.0
0.0022721524738552245 0.8763857099000419 -7.94433597 1.12482128 -0.91353521994293 0.0
0.0023026434949605804 0.8666528386538735 -7.99712149 3.01784458 -0.8763857099000419 0.0
0.0023431486739209136 0.8220823502075846 -8.02714778 1.64972283 -0.8666528386538735 0.0
0.002396669073738628 0.8011960921376317 -8.06147731 2.20721266 -0.8220823502075846 0.0
0.002406216813477322 0.7941334223371064 -8.0791982 3.96269625 -0.8011960921376317 0.0
0.002412401613457809 0.7762290125217536 -8.09818322 3.10926307 -0.7941334223371064 0.0
0.0024159802996478134 0.7711942479213568 -8.10746775 4.55385888 -0.7762290125217536 0.0
0.0023992488235380443 0.7702211058603758 -8.1043875 2.85178933 -0.7711942479213568 0.0
0.00237666818121016 0.7702055798370189 -8.08901899 1.6140308 -0.7702211058603758 0.0
0.00236936770247236 0.7565201776214499 -8.10871569 1.6918155 -0.7702055798370189 0.0
0.002401124363623998 0.7238961949075169 -8.16831582 3.51903302 -0.7565201776214499 0.0
0.0024236433536625095 0.7176934380600608 -8.17254838 2.44540054 -0.7238961949075169 0.0
0.002410627780477913 0.7147575148769421 -8.17870311 2.74089304 -0.7176934380600608 0.0
0.0024269295971280987 0.6845394659189417 -8.22545994 2.79860801 -0.7147575148769421 0.0
0.0024925142408104718 0.6417561118527078 -9.9768174 1.86082391 -0.6845394659189417 0.0
0.00252071289262689 0.6416815984226558 -9.99043144 4.79548604 -0.6417561118527078 0.0
0.002499384356234503 0.6388520730598044 -9.96872975 2.77440934 -0.6416815984226558 0.0
0.0024790565498076914 0.638111831570326 -9.9693578 3.71743317 -0.6388520730598044 0.0
0.0024650907249220075 0.6302655698271328 -8.32539863 3.63310484 -0.638111831570326 0.0
0.0024526196135287986 0.628340562781382 -9.92409184 4.91125809 -0.6302655698271328 0.0
0.0024311333385332477 0.6279622980122229 -9.9155106 3.11853251 -0.628340562781382 0.0
0.0024077814142061988 0.6277434664508313 -8.33063252 4.83553544 -0.6279622980122229 0.0
0.0023843785017775183 0.627596118501882 -9.91647339 3.73293108 -0.6277434664508313 0.0
0.0023623251637922282 0.62642740323398 -9.91102448 3.85099604 -0.627596118501882 0.0
0.0023418838395367586 0.6250769868062683 -9.90765149 4.90811144 -0.62642740323398 0.0
0.002321851258707232 0.6237084364427826 -9.88836325 2.27922195 -0.6250769868062683 0.0
0.0023020938695466494 0.622267849617114 -9.88989943 3.85081821 -0.6237084364427826 0.0
0.0022812836710103717 0.6219688557060148 -9.88770399 3.68958178 -0.622267849617114 0.0
0.0022613750678604832 0.6198987024786485 -9.87762065 3.80344789 -0.6219688557060148 0.0
0.0022442739344363857 0.6172508973103636 -9.8423587 1.1575664 -0.6198987024786485 0.0
0.002225149603653873 0.6171120997197922 -9.84605135 1.47484374 -0.6172508973103636 0.0
0.0022043342550592685 0.6161476888860024 -9.83472971 1.03935159 -0.6171120997197922 0.0
0.0021840945631315164 0.6156596312106457 -9.84989458 2.69808707 -0.6161476888860024 0.0
0.0021643484211787464 0.6144113554180627 -9.83909266 2.1450811 -0.6156596312106457 0.0
0.002146201375541108 0.6125991580354211 -8.35767304 2.1128216 -0.6144113554180627 0.0
0.0021271178213273572 0.6123729845862717 -8.33939383 1.16803213 -0.6125991580354211 0.0
0.00210715670536645 0.611555494877764 -9.83742822 4.4826635 -0.6123729845862717 0.0
0.002087342064844413 0.6113681414351144 -8.35920773 1.98045382 -0.611555494877764 0.0
0.0020673940067732054 0.610860163092374 -9.83093611 3.76088189 -0.6113681414351144 0.0
0.002051227667307936 0.6071716249903764 -9.81433967 4.37089187 -0.610860163092374 0.0
0.00203583556552411 0.6060207193529716 -9.80407051 3.42734729 -0.6071716249903764 0.0
0.0020188904651782117 0.6039881571440627 -9.7981603 4.47674418 -0.6060207193529716 0.0
0.0020028083400828248 0.6021153420100795 -8.37861453 1.7880703 -0.6039881571440627 0.0
0.00199053739362232 0.5963862568713266 -9.75051216 3.0125868 -0.6021153420100795 0.0
0.00198116642856458 0.5916498286217158 -9.71365646 1.76861043 -0.5963862568713266 0.0
0.001969483460921457 0.5883117140765982 -8.42034184 2.80158932 -0.5916498286217158 0.0
0.0019542061853801635 0.5873211026826591 -9.68870753 1.68046575 -0.5883117140765982 0.0
0.0019366706271292551 0.5864384828224295 -8.4234235 2.3378325 -0.5873211026826591 0.0
0.0019201411216261189 0.5845644102534159 -9.69655723 4.96939653 -0.5864384828224295 0.0
0.0019035516286512635 0.5838915856565976 -9.66270688 1.17848765 -0.5845644102534159 0.0
0.0018861217333697245 0.5830611908827872 -9.65584606 1.03051669 -0.5838915856565976 0.0
0.0018690030070187083 0.5822261070217909 -8.43693975 4.81198466 -0.5830611908827872 0.0
0.0018521131668683597 0.5813163573188362 -9.65813219 1.93718273 -0.5822261070217909 0.0
0.0018352017152458299 0.580671017616362 -9.64042716 0.89660046 -0.5813163573188362 0.0
0.0018179661846808946 0.5802876417064867 -8.4430039 3.85842047 -0.580671017616362 0.0
0.0018008702953151462 0.5796671151181548 -8.44373159 4.97399096 -0.5802876417064867 0.0
0.0017836996231596605 0.5795476835808553 -9.64820798 1.94499331 -0.5796671151181548 0.0
0.0017672014015191998 0.5783517696311758 -8.44839934 3.44412701 -0.5795476835808553 0.0
0.0017524327977789802 0.5764319327530371 -9.63698127 2.58778742 -0.5783517696311758 0.0
0.0017374897683679635 0.5755775349255196 -8.45607269 4.21940919 -0.5764319327530371 0.0
0.0017211727879612474 0.5754020918341465 -9.63466582 3.01333574 -0.5755775349255196 0.0
0.001704886104018149 0.5746922006963442 -9.63854805 4.25483144 -0.5754020918341465 0.0
0.0016889880820032887 0.5742388071036756 -9.6076698 1.17605546 -0.5746922006963442 0.0
0.001672983676128693 0.5738333623840917 -8.46126572 4.02616695 -0.5742388071036756 0.0
0.001658284584475007 0.5719889137944008 -8.44809697 1.2418007 -0.5738333623840917 0.0
0.0016435344787118567 0.5718010439618207 -8.45787482 1.62459291 -0.5719889137944008 0.0
0.001628022682243044 0.5710541680601208 -9.5903831 1.26594751 -0.5718010439618207 0.0
0.0016142474742247774 0.56889603161945 -9.6069235 4.54422604 -0.5710541680601208 0.0
0.0016011204695153514 0.567483261440217 -9.59124154 3.32900224 -0.56889603161945 0.0
0.0015873393461343355 0.566284090882811 -9.59377405 4.95234956 -0.567483261440217 0.0
0.0015749603045776275 0.563242910147671 -9.54724733 1.51908641 -0.566284090882811 0.0
0.0015628319541067205 0.5618426827912752 -9.56480796 4.40286109 -0.563242910147671 0.0
0.0015488416680157337 0.5613262051589936 -9.55126711 2.93002849 -0.5618426827912752 0.0
0.001535779452244122 0.5588820517887949 -9.51420417 1.0491868 -0.5613262051589936 0.0
0.001526148828235125 0.5540111458039786 -8.5251126 2.88362666 -0.5588820517887949 0.0
0.0015152211359198474 0.5533476963501373 -9.50618395 3.43529433 -0.5540111458039786 0.0
0.0015007767010707033 0.553267611267103 -8.52646111 4.64763536 -0.5533476963501373 0.0
0.0014863160178042916 0.5528114605167309 -9.51196941 4.79415259 -0.553267611267103 0.0
0.0014723787868482139 0.552209531832052 -9.49694513 3.19507595 -0.5528114605167309 0.0
0.0014587340491911426 0.5515315136377967 -9.49675595 3.70054137 -0.552209531832052 0.0
0.0014448655050929963 0.5514142162645537 -9.48245163 2.26629653 -0.5515315136377967 0.0
0.0014324915489732622 0.5488344544402762 -8.54437076 2.92054022 -0.5514142162645537 0.0
0.001421949292023284 0.5462867114479903 -9.43737719 1.38431916 -0.5488344544402762 0.0
0.0014121180313550012 0.5428110778687221 -9.41091673 1.15326975 -0.5462867114479903 0.0
0.0014008854580866755 0.5423555224795178 -9.41767683 1.93422856 -0.5428110778687221 0.0
0.0013877052880121004 0.5418164284154058 -9.40384681 0.55143026 -0.5423555224795178 0.0
0.001375457596921843 0.540185528082871 -8.57929619 3.52695774 -0.5418164284154058 0.0
0.0013629717293466913 0.5401532270259799 -9.39219502 1.13337621 -0.540185528082871 0.0
0.0013497742365903287 0.539745037165092 -8.58072052 2.46914042 -0.5401532270259799 0.0
0.0013371257412831635 0.5390826439167609 -8.58338881 2.39322709 -0.539745037165092 0.0
0.0013246779131442315 0.5385503277295051 -8.58668681 3.2667508 -0.5390826439167609 0.0
0.001312763636883427 0.5372519007670227 -9.40203092 3.8285553 -0.5385503277295051 0.0
0.0013009906171951653 0.5366664782244536 -9.38134135 2.26708752 -0.5372519007670227 0.0
0.0012887175318077372 0.5363080355647787 -9.36633429 1.30115558 -0.5366664782244536 0.0
0.0012766559752581056 0.535572764473925 -9.39491376 4.43264389 -0.5363080355647787 0.0
0.0012647440688153648 0.5351559930257922 -8.60223601 3.14859501 -0.535572764473925 0.0
0.0012532138561642697 0.5339892954535219 -9.35774907 1.98290521 -0.5351559930257922 0.0
0.0012424120116180243 0.5325688470006766 -9.33581683 0.80205507 -0.5339892954535219 0.0
0.0012310211991704715 0.5325093156764528 -8.61259754 4.27144794 -0.5325688470006766 0.0
0.001219126948993566 0.5320863914446077 -8.61481861 4.21277485 -0.5325093156764528 0.0
0.0012073606125405 0.5320052546169878 -9.3379602 1.63490084 -0.5320863914446077 0.0
0.0011957339794501172 0.5315387016165348 -9.36937343 4.96578286 -0.5320052546169878 0.0
0.0011843784266000008 0.5311887753515799 -9.35650624 3.72834954 -0.5315387016165348 0.0
0.001173311738849983 0.5304137716011201 -9.32069046 1.21222797 -0.5311887753515799 0.0
0.001162384515524709 0.53000157460964 -8.62630749 2.18637896 -0.5304137716011201 0.0
0.0011516475562817808 0.5290731575555299 -9.32666308 2.53408478 -0.53000157460964 0.0
0.0011409883965569057 0.528698079477937 -9.33526681 3.53693804 -0.5290731575555299 0.0
0.0011302054095646528 0.5281635455292591 -9.33951153 4.43683743 -0.528698079477937 0.0
0.0011199213084150228 0.5270795842538863 -8.6410848 2.00533395 -0.5281635455292591 0.0
0.0011106449131017095 0.5248989250844954 -8.62681785 0.97730148 -0.5270795842538863 0.0
0.0011010581088545844 0.5245161999543464 -8.65797743 2.43639256 -0.5248989250844954 0.0
0.0010904035226480921 0.5244458332011308 -8.65764082 2.20762914 -0.5245161999543464 0.0
0.0010797794173212094 0.524197662291596 -8.66019 2.76934815 -0.5244458332011308 0.0
0.0010694422276291277 0.5237842929867951 -8.61494356 0.76666069 -0.524197662291596 0.0
0.0010592414080048637 0.52346544502784 -8.66269177 3.69196899 -0.5237842929867951 0.0
0.0010489845405900092 0.5233444236744023 -9.27661371 2.38430077 -0.52346544502784 0.0
0.0010389761190709463 0.5227386008188927 -9.27372247 2.56517702 -0.5233444236744023 0.0
0.0010290572097143445 0.5226290224629467 -9.27512179 2.74163262 -0.5227386008188927 0.0
0.0010189849845494078 0.5225100077338011 -8.66103053 1.47102596 -0.5226290224629467 0.0
0.001008999130640702 0.5224246368160033 -8.64513012 1.03259527 -0.5225100077338011 0.0
0.000999918922863488 0.5206900168113374 -9.26720707 3.49230014 -0.5224246368160033 0.0
0.000991695668531772 0.5190397519195209 -9.26453868 4.63096499 -0.5206900168113374 0.0
0.0009828673442335632 0.5186729345735026 -9.25095067 3.69264402 -0.5190397519195209 0.0
0.000973612761012041 0.5180601754435912 -8.69899618 3.31957297 -0.5186729345735026 0.0
0.0009645138222487972 0.5175512145248204 -8.69627917 4.64309419 -0.5180601754435912 0.0
0.0009552389246633463 0.5174847923971315 -8.70432421 2.92234863 -0.5175512145248204 0.0
0.0009459014251976264 0.5172968208590369 -8.70433865 3.35641852 -0.5174847923971315 0.0
0.0009367909875640328 0.5169404938791654 -9.2166194 0.54187128 -0.5172968208590369 0.0
0.000927810926664265 0.516660592156311 -9.20174404 0.83462166 -0.5169404938791654 0.0
0.000918968783405777 0.516191498464388 -8.71364856 2.10633005 -0.516660592156311 0.0
0.0009101054480638673 0.5161432439906876 -8.71215713 1.85407895 -0.516191498464388 0.0
0.0009012357820255799 0.5158779680781296 -9.22982456 4.19878012 -0.5161432439906876 0.0
0.0008924703636481325 0.5157897776964648 -8.70701105 4.94248369 -0.5158779680781296 0.0
0.0008836906402677699 0.5157498251562609 -8.71677727 3.14234513 -0.5157897776964648 0.0
0.0008750096886550718 0.5156332947781205 -8.71841532 2.17457357 -0.5157498251562609 0.0
0.0008665926703401957 0.5151810266423307 -9.21803758 3.81185301 -0.5156332947781205 0.0
0.0008584815603683818 0.5145403847568796 -8.71967043 4.39118802 -0.5151810266423307 0.0
0.0008504581741182299 0.5140602571139495 -9.17321569 1.53082542 -0.5145403847568796 0.0
0.0008423014773701443 0.5139141374454852 -9.21603181 4.74396814 -0.5140602571139495 0.0
0.0008341876811349916 0.5135187989779032 -8.73178205 3.74779282 -0.5139141374454852 0.0
0.0008261811441078076 0.5133021726021251 -8.72698809 4.77343502 -0.5135187989779032 0.0
0.000818168000507454 0.5131108490167624 -9.16239612 1.5446512 -0.5133021726021251 0.0
0.0008102956213233842 0.5127386352380495 -9.15790371 1.53601629 -0.5131108490167624 0.0
0.0008024458945213103 0.512679581758156 -9.15751312 1.56880905 -0.5127386352380495 0.0
0.0007946295944274905 0.5124146791088003 -9.15912943 1.94883008 -0.512679581758156 0.0
0.0007869017848612925 0.5123241912838269 -8.74747567 2.62692661 -0.5124146791088003 0.0
0.000779192511160522 0.5122046237466384 -9.15590576 0.81566643 -0.5123241912838269 0.0
0.0007715273146041622 0.5121956572835265 -9.15552741 1.8846777 -0.5122046237466384 0.0
0.00076396349130082 0.5120081187113855 -9.1675729 2.77760338 -0.5121956572835265 0.0
0.0007564841881015392 0.5119717274060184 -8.74725563 3.41746562 -0.5120081187113855 0.0
0.000749034588993103 0.5119003958299753 -9.16248962 2.5503512 -0.5119717274060184 0.0
0.0007417880721150703 0.5115142565167272 -9.17095073 3.35493596 -0.5119003958299753 0.0
0.0007345966451596638 0.5114837346692904 -8.75149828 1.68488431 -0.5115142565167272 0.0
0.0007273383705641291 0.5114731209356577 -9.16091942 2.77010939 -0.5114837346692904 0.0
0.000720198270362724 0.5113135867198328 -9.16184307 2.94306215 -0.5114731209356577 0.0
0.0007131281979291987 0.5113031421152325 -8.75336847 1.68737528 -0.5113135867198328 0.0
0.0007061052368885881 0.5112067630300444 -8.74293365 4.99848423 -0.5113031421152325 0.0
0.0006991896061413021 0.5110871381866212 -9.14017101 1.78462112 -0.5112067630300444 0.0
0.0006923359355152296 0.511007429541287 -9.15723964 0.56848167 -0.5110871381866212 0.0
0.0006856085419699301 0.5107154311016109 -9.14352937 2.3147392 -0.511007429541287 0.0
0.000678934619381855 0.5106707329577971 -9.1518194 2.82865994 -0.5107154311016109 0.0
0.0006722847605456505 0.5105004396943003 -9.13367577 1.8750556 -0.5106707329577971 0.0
0.0006657503116940268 0.510304690979668 -9.150005 0.56597891 -0.5105004396943003 0.0
0.000659268844824357 0.5101663388068406 -9.15758213 3.55825838 -0.510304690979668 0.0
0.0006528277329604148 0.5100402769326439 -9.14647106 0.57307451 -0.5101663388068406 0.0
0.0006464109827820128 0.5100212493858104 -8.77105447 2.44042077 -0.5100402769326439 0.0
0.0006400430635822267 0.5099396904292663 -8.762331 1.4321708 -0.5100212493858104 0.0
0.000633775909546538 0.5098006387581702 -9.13971007 2.78982241 -0.5099396904292663 0.0
0.0006275955720449333 0.5096379735583335 -8.7723152 1.75236563 -0.5098006387581702 0.0
0.0006214375042021544 0.5096212024151009 -9.12846354 2.29837939 -0.5096379735583335 0.0
0.0006153026732820048 0.5095794143874885 -8.77548792 2.03911403 -0.5096212024151009 0.0
0.000609226680009352 0.5095683067012726 -9.13658502 2.79125647 -0.5095794143874885 0.0
0.0006032357731185854 0.5094433459848215 -8.77277281 3.33888507 -0.5095683067012726 0.0
0.0005973044750654421 0.5094298984081169 -9.15875282 4.24285357 -0.5094433459848215 0.0
0.0005914315907790225 0.5093046260253025 -8.77299912 3.50382884 -0.5094298984081169 0.0
0.0005857266806566056 0.5089147856186191 -9.14393186 3.719422 -0.5093046260253025 0.0
0.0005800831300196803 0.5087676209787076 -9.11126158 2.01174159 -0.5089147856186191 0.0
0.0005743934429412 0.5087277563225509 -8.77899889 3.54058326 -0.5087676209787076 0.0
0.0005687301036067928 0.5086841897348666 -9.15120168 4.37956458 -0.5087277563225509 0.0
0.0005631541437137209 0.5085323127438872 -8.77775167 3.92903272 -0.5086841897348666 0.0
0.0005576816544044047 0.5083137198249068 -9.10038415 1.73649482 -0.5085323127438872 0.0
0.0005523408818007437 0.507877471840527 -8.79568252 2.6627214 -0.5083137198249068 0.0
0.0005470282796999258 0.5077428039789773 -8.78604917 3.99222599 -0.507877471840527 0.0
0.0005417238908723087 0.5074649359365448 -9.1394786 4.68748872 -0.5077428039789773 0.0
0.0005364565013324645 0.5073840546390473 -8.80205115 1.83556303 -0.5074649359365448 0.0
0.0005312279923191929 0.5071526600374449 -8.79528935 3.77711278 -0.5073840546390473 0.0
0.0005260299030471323 0.5071498438218974 -8.80053381 1.54329871 -0.5071526600374449 0.0
0.0005208292701806061 0.5071235372271875 -9.11785545 3.68219568 -0.5071498438218974 0.0
0.0005156879408246064 0.5070901321527872 -9.0804724 1.75123816 -0.5071235372271875 0.0
0.0005106402650766979 0.5068957979606826 -9.11718292 0.51871593 -0.5070901321527872 0.0
0.0005056701762967358 0.5067509238483914 -8.79508741 4.26288487 -0.5068957979606826 0.0
0.0005007926716287391 0.5063800552065392 -9.11355664 4.06864713 -0.5067509238483914 0.0
0.0004959834741225537 0.5061493980189888 -9.06531107 1.90495532 -0.5063800552065392 0.0
0.0004911808238365599 0.5059399336050889 -9.08017099 2.81397826 -0.5061493980189888 0.0
0.00048638073166529645 0.5058899678836837 -8.77471377 0.86470116 -0.5059399336050889 0.0
0.00048162741364847923 0.5056810847629329 -9.10067217 3.98058733 -0.5058899678836837 0.0
0.0004769130091768445 0.5056627170413373 -9.10199446 4.06431863 -0.5056810847629329 0.0
0.00047219779408275413 0.5056527239809194 -8.81820643 3.55311691 -0.5056627170413373 0.0
0.00046752666397010785 0.5056451967922451 -9.09066841 3.52361863 -0.5056527239809194 0.0
0.0004629087904380767 0.5056047517627237 -8.82325534 3.20392844 -0.5056451967922451 0.0
0.00045838674426578564 0.5053781279148253 -8.8195464 1.28342619 -0.5056047517627237 0.0
0.00045390432106645075 0.5053577139312841 -8.8221673 3.59421935 -0.5053781279148253 0.0
0.00044941774615859533 0.5053446296481608 -9.08491813 3.50683776 -0.5053577139312841 0.0
0.00044497576803292183 0.5053230937101088 -9.08589423 3.56868009 -0.5053446296481608 0.0
0.00044060942068341395 0.505165996391292 -9.04389408 1.21088815 -0.5053230937101088 0.0
0.0004363005622636015 0.50507732137927 -9.08529614 3.74546051 -0.505165996391292 0.0
0.0004320161128281058 0.5050023002775151 -8.8436557 1.97882798 -0.50507732137927 0.0
0.0004277812194063847 0.5048786430545416 -8.83096306 1.31866655 -0.5050023002775151 0.0
0.0004235806393467427 0.5048376104335118 -9.05298235 2.61355682 -0.5048786430545416 0.0
0.00041940496841482897 0.5047918669832272 -8.84819986 2.14367882 -0.5048376104335118 0.0
0.00041533451553676156 0.5044423943535985 -8.82888257 4.14532821 -0.5047918669832272 0.0
0.00041133075705408463 0.504264391733325 -9.0224494 1.9468805 -0.5044423943535985 0.0
0.0004073020640298831 0.5042268656885781 -8.84011648 1.238845 -0.504264391733325 0.0
0.0004032783798159333 0.5042197096535835 -9.01780626 1.42497562 -0.5042268656885781 0.0
0.00039930201134781855 0.5041442874089024 -8.85489534 1.47348212 -0.5042197096535835 0.0
0.000395375296595033 0.5040842863336569 -9.04483749 2.96307786 -0.5041442874089024 0.0
0.00039149087904979463 0.5039900551696761 -9.01038036 1.65400437 -0.5040842863336569 0.0
0.0003876354915869274 0.5039771711028083 -9.01659917 2.07335896 -0.5039900551696761 0.0
0.00038380908989108956 0.5039297463169052 -8.83913295 1.14138701 -0.5039771711028083 0.0
0.0003800235388088113 0.5039006534142263 -9.03832945 2.89992303 -0.5039297463169052 0.0
0.0003762708388774908 0.5038770741088086 -9.00666829 1.55123607 -0.5039006534142263 0.0
0.00037256168907240145 0.5038131283793978 -9.04999781 3.37198411 -0.5038770741088086 0.0
0.00036889291435928745 0.50376888271285 -9.01223057 1.16486811 -0.5038131283793978 0.0
0.00036525109665313296 0.5037551539019309 -8.86946347 2.55726377 -0.50376888271285 0.0
0.00036164177678782173 0.5037300173217586 -8.85998478 3.1123108 -0.5037551539019309 0.0
0.00035808311730645647 0.5036325430060069 -9.01135082 2.29185326 -0.5037300173217586 0.0
0.00035456854418503523 0.5035562524489816 -9.03385557 0.80295297 -0.5036325430060069 0.0
0.00035107834331915127 0.5035164460876858 -9.01258023 2.45229901 -0.5035562524489816 0.0
0.0003476107476344727 0.5035077632449282 -8.87956958 2.39070725 -0.5035164460876858 0.0
0.00034418387725557615 0.5034303278406196 -8.88439911 1.68848099 -0.5035077632449282 0.0
0.0003407898736427411 0.5034270209351234 -9.00084802 1.19197248 -0.5034303278406196 0.0
0.00033741850902155757 0.5034137754100968 -9.06713621 4.38048459 -0.5034270209351234 0.0
0.0003340855183207516 0.5033804061171688 -8.84475889 4.30635075 -0.5034137754100968 0.0
0.00033079860943662116 0.5032876027323062 -8.98618158 1.88467665 -0.5033804061171688 0.0
0.0003275394721434255 0.5032821143881707 -8.98346066 1.68505456 -0.5032876027323062 0.0
0.00032430740495704774 0.5032203954216397 -8.8962284 1.90811293 -0.5032821143881707 0.0
0.0003211086639363897 0.5032059796497395 -8.86655479 3.40247712 -0.5032203954216397 0.0
0.0003179355580147286 0.5031814703934452 -8.89788995 1.98931108 -0.5032059796497395 0.0
0.000314797777663129 0.503141833173028 -8.89237711 2.41416428 -0.5031814703934452 0.0
0.00031168925343653633 0.5031283045087954 -8.97602413 1.78954991 -0.503141833173028 0.0
0.0003086182634251804 0.5030443515627155 -8.98044761 2.12824671 -0.5031283045087954 0.0
0.0003055842632393712 0.5029867586562154 -8.98904527 2.40132309 -0.5030443515627155 0.0
0.00030257168581036137 0.5029583573274883 -9.06867705 4.87007857 -0.5029867586562154 0.0
0.0002995854820718286 0.5029229660949321 -8.86971825 1.15886348 -0.5029583573274883 0.0
0.00029662997789004105 0.5028862884204051 -8.99250063 2.58259157 -0.5029229660949321 0.0
0.00029370018403263704 0.5028743672310529 -8.97140585 1.32121049 -0.5028862884204051 0.0
0.0002908017973702126 0.5028207041723857 -8.86509521 3.88039284 -0.5028743672310529 0.0
0.0002879317642541591 0.5028105128858359 -9.03842903 3.83688195 -0.5028207041723857 0.0
0.0002850830419542339 0.5028060610160079 -8.92799105 1.96723557 -0.5028105128858359 0.0
0.0002822657714913418 0.5027727192508709 -8.98223001 2.50078268 -0.5028060610160079 0.0
0.0002794764049408815 0.5027678170185872 -8.90968269 2.45267869 -0.5027727192508709 0.0
0.0002767139423347341 0.502739251306389 -9.0336247 3.74749825 -0.5027678170185872 0.0
0.0002739781303669172 0.5027391279285155 -8.91073179 2.47063244 -0.502739251306389 0.0
0.0002712655326067439 0.5027388310839059 -8.88667507 1.23145722 -0.5027391279285155 0.0
0.0002685811092150494 0.5027288966724504 -9.04035262 3.97104301 -0.5027388310839059 0.0
0.00026592336772815933 0.502727719434857 -8.89604403 2.86738925 -0.5027288966724504 0.0
0.00026329111436554294 0.5027239495344461 -8.94935307 2.12282702 -0.502727719434857 0.0
0.0002606867549085648 0.5027086677251255 -8.94486305 2.12990891 -0.5027239495344461 0.0
0.0002581083819608452 0.5027031516660394 -8.88892367 3.1116426 -0.5027086677251255 0.0
0.0002555559016584881 0.5026848119636544 -9.05366977 4.48923194 -0.5027031516660394 0.0
0.0002530330445642637 0.5026446658212002 -8.95132973 2.26503176 -0.5026848119636544 0.0
0.00025053613818379605 0.5026179836283555 -8.88081035 3.47528945 -0.5026446658212002 0.0
0.0002480590492644794 0.5026167131982451 -8.92803519 2.36065155 -0.5026179836283555 0.0
0.0002456057020360028 0.5025961358948268 -9.03560429 3.93386591 -0.5026167131982451 0.0
0.00024317686849387437 0.502592811978462 -8.95908091 2.39265407 -0.5025961358948268 0.0
0.00024077647215659963 0.5025355366007815 -8.9661704 1.16969095 -0.502592811978462 0.0
0.00023840395812515256 0.5024970773074506 -9.01551185 3.4554284 -0.5025355366007815 0.0
0.00023604868144116973 0.5024918282932831 -8.86242987 1.00701835 -0.5024970773074506 0.0
0.00023371368741386862 0.5024789214508181 -8.88372619 3.52299379 -0.5024918282932831 0.0
0.00023140378123652472 0.5024564723097209 -8.91172788 2.81567131 -0.5024789214508181 0.0
0.0002291165254066082 0.5024451328760315 -8.93711691 1.28208532 -0.5024564723097209 0.0
0.00022685082761660018 0.5024319392245309 -8.86697095 1.0201281 -0.5024451328760315 0.0
0.00022460645057455377 0.5024302555904041 -8.86025981 4.50474071 -0.5024319392245309 0.0
0.00022238284867674918 0.5024299215716617 -8.8907159 3.35567485 -0.5024302555904041 0.0
0.00022018112484669696 0.5024294693931282 -8.94116576 2.53640789 -0.5024299215716617 0.0
0.0002180030063519316 0.502412558116079 -8.91163428 2.86845698 -0.5024294693931282 0.0
0.00021584791900845332 0.5023983521845079 -8.98947137 2.99668426 -0.502412558116079 0.0
0.00021371251638112134 0.5023965974806873 -8.97473733 2.77784529 -0.5023983521845079 0.0
0.000211599709862055 0.5023684939920642 -8.86730178 4.25511663 -0.5023965974806873 0.0
0.00020950764459431987 0.5023681364050817 -8.99171424 0.91268071 -0.5023684939920642 0.0
0.00020743350968263635 0.5023665829879325 -8.88016244 1.07601118 -0.5023681364050817 0.0
0.00020538172017467058 0.5023485862799528 -8.87734932 3.88033715 -0.5023665829879325 0.0
0.00020335025772924225 0.5023467162738484 -8.85601641 4.79665599 -0.5023485862799528 0.0
0.00020133900407599858 0.5023275745822734 -8.98882291 3.05136503 -0.5023467162738484 0.0
0.00019934746622724634 0.5023274769472708 -9.02964763 3.98798178 -0.5023275745822734 0.0
0.00019737529383703604 0.5023117174887742 -8.92772515 2.75545689 -0.5023274769472708 0.0
0.00019542361079728275 0.5023016068876156 -9.02363501 3.83884179 -0.5023117174887742 0.0
0.0001934907244979175 0.5022910348811491 -8.86261623 4.54059637 -0.5023016068876156 0.0
0.00019157880889722812 0.5022615798396952 -9.0512673 4.78859186 -0.5022910348811491 0.0
0.00018968724153378312 0.502235653149189 -8.87621266 4.0381549 -0.5022615798396952 0.0
0.00018781223542860316 0.5022287232460374 -9.02429484 3.92131625 -0.502235653149189 0.0
0.00018595696691368237 0.5021898513343113 -8.99084715 3.21159497 -0.5022287232460374 0.0
0.00018412619144198746 0.5021159438714363 -8.99351019 0.84739114 -0.5021898513343113 0.0
0.00018231324133198432 0.5020792520063566 -8.99410732 0.83676639 -0.5021159438714363 0.0
0.00018051161667759054 0.5020776415567467 -8.95090114 2.925495 -0.5020792520063566 0.0
0.0001787251188901611 0.5020709046329497 -9.03160962 4.27655482 -0.5020776415567467 0.0
0.00017695660980658674 0.5020658132048369 -8.93116502 2.99454882 -0.5020709046329497 0.0
0.0001752055458075447 0.5020596989932906 -8.88196747 4.01417678 -0.5020658132048369 0.0
0.00017347239794685077 0.5020478216577408 -8.97603623 0.94072327 -0.5020596989932906 0.0
0.0001717563913440881 0.5020417444833546 -8.96250565 1.01404802 -0.5020478216577408 0.0
0.00017005690890809435 0.5020351682769177 -8.94481232 2.96662006 -0.5020417444833546 0.0
0.0001683738673292802 0.5020335461229654 -8.88608166 1.02443532 -0.5020351682769177 0.0
0.00016670781737553866 0.5020229548071549 -8.96512757 0.99531503 -0.5020335461229654 0.0
0.0001650595558392274 0.502005545015394 -8.92859302 3.07916543 -0.5020229548071549 0.0
0.00016342762099817604 0.5019945849731513 -8.90526589 3.4428643 -0.502005545015394 0.0
0.00016181306311710775 0.5019618230110515 -8.96250224 0.99201362 -0.5019945849731513 0.0
0.00016021362198814852 0.5019612738160606 -9.02651089 4.22280532 -0.5019618230110515 0.0
0.0001586291365387957 0.5019392794076711 -8.88140542 0.98718445 -0.5019612738160606 0.0
0.00015706142863857391 0.5019246302972256 -8.93196266 3.1343722 -0.5019392794076711 0.0
0.00015550788424367553 0.5019197399981599 -8.93276408 3.13352375 -0.5019246302972256 0.0
0.00015396910220552386 0.501912939818417 -8.9093904 3.44344838 -0.5019197399981599 0.0
0.00015244706093317043 0.5018881842265922 -8.95909268 3.1406797 -0.501912939818417 0.0
0.00015094017143571931 0.5018799814053507 -8.96687961 3.19823637 -0.5018881842265922 0.0
0.00014944662077578252 0.5018760529826172 -8.84533421 0.83555174 -0.5018799814053507 0.0
0.0001479673318568494 0.5018748371016579 -8.95308895 3.13216356 -0.5018760529826172 0.0
0.00014650438837182658 0.5018476633356426 -8.98141047 3.38140144 -0.5018748371016579 0.0
0.0001450572490650028 0.5018279695633047 -8.94955623 1.00875887 -0.5018476633356426 0.0
0.0001436232642871399 0.5018166707127488 -8.94868917 3.18339518 -0.5018279695633047 0.0
0.00014220265442253094 0.5018082419286085 -8.87657522 0.94550271 -0.5018166707127488 0.0
0.00014079797582438686 0.5017702426429957 -8.87675782 4.49342525 -0.5018082419286085 0.0
0.0001394080903852036 0.50174864704675 -8.93357276 3.29941426 -0.5017702426429957 0.0
0.0001380300593044096 0.5017376835597621 -8.90478971 3.71254258 -0.50174864704675 0.0
0.00013666482526548287 0.5017281557566945 -8.90838947 3.64867113 -0.5017376835597621 0.0
0.00013531327533080996 0.5017145202060498 -8.88746968 4.18627284 -0.5017281557566945 0.0
0.0001339757803872114 0.5016947098460208 -8.8950615 3.98839298 -0.5017145202060498 0.0
0.0001326513498350746 0.5016834260119221 -8.84170089 0.8007207 -0.5016947098460208 0.0
0.00013133983063638493 0.5016663785601434 -8.91193758 3.64446442 -0.5016834260119221 0.0
0.00013004240396888672 0.5016377836607546 -8.9237434 3.49992027 -0.5016663785601434 0.0
0.00012875732594178885 0.5016280030758149 -8.90539439 0.98792286 -0.5016377836607546 0.0
0.00012748319579262168 0.5016268824035164 -8.9739899 3.49744539 -0.5016280030758149 0.0
0.00012622120933644603 0.5016244632066685 -8.95097921 3.37034138 -0.5016268824035164 0.0
0.0001249721593690494 0.5016162403959458 -8.92290729 0.99872495 -0.5016244632066685 0.0
0.00012373557401693623 0.501612134277111 -8.98182904 3.60120225 -0.5016162403959458 0.0
0.0001225110705326758 0.5016064256060165 -9.03164245 4.70591635 -0.501612134277111 0.0
0.00012129866079805625 0.5016027168050646 -8.93536237 3.43109407 -0.5016064256060165 0.0
0.00012009792985380501 0.5016023306846468 -8.91840124 0.99500704 -0.5016027168050646 0.0
0.00011890940297097825 0.5015932721074754 -9.0062244 4.03998603 -0.5016023306846468 0.0
0.00011773272533326307 0.5015914044669627 -8.87439289 4.76692982 -0.5015932721074754 0.0
0.00011656816787621575 0.5015741744092557 -8.92685225 3.528412 -0.5015914044669627 0.0
0.00011541596987270139 0.5015577472664441 -9.01307715 4.22969496 -0.5015741744092557 0.0
0.00011427448382510853 0.50155236135739 -8.88268839 4.50492548 -0.5015577472664441 0.0
0.00011314356081480192 0.5015487759387216 -9.01705344 4.33770645 -0.50155236135739 0.0
0.00011202504591257185 0.5015216829277498 -8.95333112 3.47117923 -0.5015487759387216 0.0
0.00011091779300664828 0.5015144083180594 -8.90360784 3.96051937 -0.5015216829277498 0.0
0.00010982054937823935 0.5015043392625942 -8.89373611 0.94129985 -0.5015144083180594 0.0
0.00010873518781508558 0.5014781621153571 -8.97815916 3.67841791 -0.5015043392625942 0.0
0.00010766149433469823 0.5014506046295977 -8.87637014 4.83603081 -0.5014781621153571 0.0
0.00010659770109681393 0.5014375949860885 -8.95817671 3.56346439 -0.5014506046295977 0.0
0.0001055435428064545 0.5014266429362709 -8.88041139 4.71212398 -0.5014375949860885 0.0
0.00010449923023272747 0.5014247144644246 -8.98121881 3.76384668 -0.5014266429362709 0.0
0.00010346476456106363 0.5014231601583634 -8.91131792 3.89596915 -0.5014247144644246 0.0
0.00010244046418009107 0.5014226990767745 -9.0216685 4.57862402 -0.5014231601583634 0.0
0.00010142633870333553 0.5014204676652129 -8.96188734 3.59580147 -0.5014226990767745 0.0
0.00010042342902626477 0.5013965796804218 -8.94216173 0.92775399 -0.5014204676652129 0.0
9.943041696291113e-05 0.5013947345251293 -8.97460809 0.81916613 -0.5013965796804218 0.0
9.844640372405739e-05 0.5013875120978281 -8.9967012 4.03584732 -0.5013947345251293 0.0
9.747246159029625e-05 0.5013788379820635 -8.98281646 3.82610324 -0.5013875120978281 0.0
9.650830471617641e-05 0.5013685084070809 -8.99967522 4.10902053 -0.5013788379820635 0.0
9.555347957289695e-05 0.5013641314570968 -8.99788926 0.70943844 -0.5013685084070809 0.0
9.460806781572785e-05 0.5013545074984309 -8.87598486 4.95019919 -0.5013641314570968 0.0
9.367216872482169e-05 0.5013467419644833 -9.01622903 4.50263528 -0.5013545074984309 0.0
9.274513490513655e-05 0.5013455928094263 -8.94283712 3.64454345 -0.5013467419644833 0.0
9.182821757100063e-05 0.501317310290794 -8.93487969 3.70988907 -0.5013455928094263 0.0
9.09206445113497e-05 0.5013100181342212 -8.97716425 3.82090665 -0.501317310290794 0.0
9.002184982626562e-05 0.501285990757566 -8.98153815 3.89434349 -0.5013100181342212 0.0
8.913187713483517e-05 0.5012801125954174 -8.94688394 3.69802243 -0.501285990757566 0.0
8.825141455070232e-05 0.5012399573910586 -8.93786055 0.90509606 -0.5012801125954174 0.0
8.737942884690343e-05 0.5012391255148724 -9.01477069 4.56546292 -0.5012399573910586 0.0
8.651504087970062e-05 0.5012225062525301 -8.97253271 3.85472593 -0.5012391255148724 0.0
8.566017727006206e-05 0.5011989442338598 -8.98122953 3.97010541 -0.5012225062525301 0.0
8.48131205813614e-05 0.5011974183685828 -9.00242179 4.32034954 -0.5011989442338598 0.0
8.397389631520576e-05 0.5011868070960637 -8.91972123 3.99239368 -0.5011974183685828 0.0
8.314295016106106e-05 0.5011859065233655 -8.92688586 3.9051403 -0.5011868070960637 0.0
8.23201669964071e-05 0.5011767400154259 -8.96441631 3.83599738 -0.5011859065233655 0.0
8.150733290610259e-05 0.5011315045902289 -9.00979171 4.5439424 -0.5011767400154259 0.0
8.070238047046133e-05 0.5011259135879319 -8.9964241 4.26992745 -0.5011315045902289 0.0
7.990434350650677e-05 0.5011065620453755 -8.89199536 4.66434452 -0.5011259135879319 0.0
7.911473517867574e-05 0.5010873922976796 -9.03426939 0.52601494 -0.5011065620453755 0.0
7.833316168849247e-05 0.5010621176197061 -8.9579304 3.9133162 -0.5010873922976796 0.0
7.755965449806232e-05 0.5010340477069167 -9.01795232 4.84353866 -0.5010621176197061 0.0
7.67929309300035e-05 0.501031025696276 -9.00068188 4.43917626 -0.5010340477069167 0.0
7.603310223577531e-05 0.5010209651068246 -9.01044975 4.66352514 -0.501031025696276 0.0
7.528090057822955e-05 0.5010150498535907 -8.89189454 4.7601758 -0.5010209651068246 0.0
7.453600624528541e-05 0.5010085920347339 -8.97264645 4.0531585 -0.5010150498535907 0.0
7.379845834636508e-05 0.5010033324725016 -8.99551663 4.36685137 -0.5010085920347339 0.0
7.30680574923295e-05 0.5010010113733128 -8.94961953 3.95915874 -0.5010033324725016 0.0
7.23447074017339e-05 0.5010006778677742 -8.94861847 3.9600952 -0.5010010113733128 0.0
7.162955408316999e-05 0.5009694346494398 -8.96675172 4.04314666 -0.5010006778677742 0.0
7.092164193959558e-05 0.5009642607082874 -8.93164197 0.86520055 -0.5009694346494398 0.0
7.021990397278898e-05 0.5009564323809121 -8.90792079 4.42152662 -0.5009642607082874 0.0
6.952584339779222e-05 0.5009301437936122 -8.89184975 4.84801525 -0.5009564323809121 0.0
6.883849067536227e-05 0.5009267403263643 -8.9535774 4.03074735 -0.5009301437936122 0.0
6.815705487532539e-05 0.500926228871002 -8.90785868 4.45276501 -0.5009267403263643 0.0
6.815736495969502e-05 0.5009176412526608 -8.91278989 4.36658493 -0.500926228871002 0.0
6.815818002144356e-05 0.5009023119983611 -8.89771499 4.71302167 -0.5009176412526608 0.0
6.815883883892618e-05 0.5008983092764141 -8.97481371 0.74625144 -0.5009023119983611 0.0
6.815902594811702e-05 0.500896821615724 -8.92610115 4.19334788 -0.5008983092764141 0.0
6.815936903655497e-05 0.5008882420266909 -8.98522209 4.30933154 -0.500896821615724 0.0
6.815989434736114e-05 0.5008814074762419 -8.93596769 4.12028029 -0.5008882420266909 0.0
6.81611727393375e-05 0.5008507310421739 -8.99381878 4.47915115 -0.5008814074762419 0.0
6.81622646985111e-05 0.5008493669939178 -8.9717384 4.19310411 -0.5008507310421739 0.0
6.816241349397782e-05 0.5008463651295142 -8.90221548 4.65719877 -0.5008493669939178 0.0
6.816255230831085e-05 0.5008452939499874 -8.90526236 0.85081022 -0.5008463651295142 0.0
6.816292353497349e-05 0.5008354727894991 -8.98022865 4.2936299 -0.5008452939499874 0.0
6.81633943845428e-05 0.5008314785618344 -8.89474248 4.86544642 -0.5008354727894991 0.0
6.816404144534785e-05 0.5008164873513569 -8.9052914 4.6167616 -0.5008314785618344 0.0
6.816504084374265e-05 0.5008021554402191 -8.98823819 4.43367037 -0.5008164873513569 0.0
6.81655749145829e-05 0.5008008174281224 -8.95696878 4.15569556 -0.5008021554402191 0.0
6.816562133477615e-05 0.500800793456653 -8.98125314 4.33850907 -0.5008008174281224 0.0
6.816579199023396e-05 0.5007958103578324 -8.89409954 4.92004901 -0.500800793456653 0.0
6.81661620275793e-05 0.5007899365077717 -8.98692999 4.42557128 -0.5007958103578324 0.0
6.816672146384643e-05 0.5007793965447727 -9.01383421 4.97989253 -0.5007899365077717 0.0
6.816716589216127e-05 0.50077689707298 -8.90399829 4.68549532 -0.5007793965447727 0.0
6.816741111526172e-05 0.5007722018046703 -9.00981255 4.88580393 -0.50077689707298 0.0
6.816777921897142e-05 0.5007660971149759 -9.0036453 4.75045995 -0.5007722018046703 0.0
6.816862593011339e-05 0.5007473600621071 -8.98942676 4.50349438 -0.5007660971149759 0.0
6.817001283880315e-05 0.5007254070337456 -8.98746981 4.4941741 -0.5007473600621071 0.0
6.817105432752496e-05 0.5007168045669871 -8.95281069 4.22828616 -0.5007254070337456 0.0
6.817151012683457e-05 0.5007120348415987 -8.91430027 4.54307514 -0.5007168045669871 0.0
6.817171813125129e-05 0.5007107021856535 -9.00815941 4.90571366 -0.5007120348415987 0.0
6.817194123504766e-05 0.5007054895109201 -8.9215191 4.43713369 -0.5007107021856535 0.0
6.817258496189557e-05 0.5006918169248038 -8.94950343 4.25202215 -0.5007054895109201 0.0
6.817341901750385e-05 0.5006810206981882 -8.96340134 4.29344035 -0.5006918169248038 0.0
6.817383861502211e-05 0.5006795072238996 -8.92570252 4.40933457 -0.5006810206981882 0.0
6.817517136490594e-05 0.5006419228604929 -8.92612125 4.44118662 -0.5006795072238996 0.0
6.817669933800295e-05 0.5006346824722325 -8.99392067 0.6461958 -0.5006419228604929 0.0
6.817829780703778e-05 0.500595031844443 -8.80715484 0.61643762 -0.5006346824722325 0.0
6.818037285967468e-05 0.5005738117645848 -8.90670502 4.82974005 -0.500595031844443 0.0
6.818236059760632e-05 0.5005367247103356 -8.90812134 4.83693449 -0.5005738117645848 0.0
6.818380402881883e-05 0.5005314715638052 -8.9963869 4.82909144 -0.5005367247103356 0.0
6.81843158129257e-05 0.5005217128868934 -8.9025798 4.97716427 -0.5005314715638052 0.0
6.81851238267906e-05 0.5005077708572274 -8.99652923 4.8546732 -0.5005217128868934 0.0
6.81860057871642e-05 0.5004958434578223 -8.95355586 4.43942574 -0.5005077708572274 0.0
6.818662670874484e-05 0.5004895583332378 -8.98804141 4.72693387 -0.5004958434578223 0.0
6.818693884866285e-05 0.5004866880124098 -8.95775448 4.45574358 -0.5004895583332378 0.0
6.818723133616227e-05 0.5004809793688191 -8.99699019 4.88939687 -0.5004866880124098 0.0
6.818803658364416e-05 0.5004630695061772 -8.91194327 4.83462909 -0.5004809793688191 0.0
6.818913361279049e-05 0.5004488030113747 -8.90996973 4.88771894 -0.5004630695061772 0.0
6.818984782879773e-05 0.5004421214875302 -8.93791319 4.53178648 -0.5004488030113747 0.0
6.819058351791668e-05 0.5004272254990236 -8.99402059 4.88650883 -0.5004421214875302 0.0
6.819109207911344e-05 0.5004272056101882 -8.77646485 0.53735021 -0.5004272254990236 0.0
6.81911096740949e-05 0.5004267094499156 -8.91234935 4.8635531 -0.5004272056101882 0.0
6.81912037639596e-05 0.5004244460199869 -8.89945158 0.79130528 -0.5004267094499156 0.0
6.819177813852692e-05 0.5004098635710347 -8.97130808 0.699578 -0.5004244460199869 0.0
6.819237047997032e-05 0.5004070732329958 -8.91558233 0.79430989 -0.5004098635710347 0.0
6.8193389452889e-05 0.5003799787289769 -8.92850332 4.67188717 -0.5004070732329958 0.0
6.819435224895459e-05 0.5003788360232999 -8.9351312 4.61261055 -0.5003799787289769 0.0
6.819490637984461e-05 0.500363727333244 -8.93476464 4.63021287 -0.5003788360232999 0.0
6.819554631011837e-05 0.5003600683721965 -8.93097051 4.66653886 -0.500363727333244 0.0
6.819577698876947e-05 0.5003569621321564 -8.97212966 4.66235123 -0.5003600683721965 0.0
6.819642800581113e-05 0.5003409759337236 -8.99247708 4.94323943 -0.5003569621321564 0.0
6.819793821976643e-05 0.5003126726399979 -8.9782094 4.76607086 -0.5003409759337236 0.0
6.819944344368308e-05 0.5002968334849373 -8.97279124 0.68303444 -0.5003126726399979 0.0
6.820064270750297e-05 0.500277503665977 -8.92519511 4.8119092 -0.5002968334849373 0.0
6.820186190264576e-05 0.5002610805921719 -8.88399348 0.75698394 -0.500277503665977 0.0
6.820302541726099e-05 0.5002433842361249 -8.97415855 4.79071133 -0.5002610805921719 0.0
6.820429227688046e-05 0.5002239312930762 -8.95234049 4.70140719 -0.5002433842361249 0.0
6.820517650146912e-05 0.5002174556120454 -8.9312526 4.80490592 -0.5002239312930762 0.0
6.820732290157445e-05 0.5001609935625482 -8.82413096 0.63219473 -0.5002174556120454 0.0
6.820973461386193e-05 0.5001467390086893 -8.91674807 0.76271985 -0.5001609935625482 0.0
6.821024290441499e-05 0.5001460898134429 -8.97286193 4.87332594 -0.5001467390086893 0.0
6.821158581116829e-05 0.5001073642550753 -8.99262621 0.60320934 -0.5001460898134429 0.0
6.821317023050277e-05 0.5000996339748415 -8.86292691 0.70870046 -0.5001073642550753 0.0
6.82165497921685e-05 0.5000082805359604 -8.90185297 0.74620181 -0.5000996339748415 0.0
6.82200426355464e-05 0.4999972299660978 -8.9558346 4.92722479 -0.5000082805359604 0.0
6.822249956397367e-05 0.49993625321305035 -8.99717485 0.57511922 -0.4999972299660978 0.0
6.822866622669962e-05 0.4998164598855521 -8.92626339 0.72141556 -0.49993625321305035 0.0
6.823961923946126e-05 0.49961521775126966 -8.91720946 0.70662318 -0.4998164598855521 0.0
6.824879548165624e-05 0.49954752721125373 -8.84223963 0.63168798 -0.49961521775126966 0.0
6.825257240733001e-05 0.499504539036272 -8.9039902 0.69779833 -0.49954752721125373 0.0
6.825963674295636e-05 0.49934053848939663 -8.85623527 0.6413437 -0.499504539036272 0.0
6.827089822046035e-05 0.49917460633383814 -8.79793081 0.5321523 -0.49934053848939663 0.0
6.828014777811176e-05 0.49906958637908283 -8.79394902 0.52108545 -0.49917460633383814 0.0
6.828855020195466e-05 0.49892850753572215 -8.95659148 0.60028044 -0.49906958637908283 0.0
6.829383279616053e-05 0.49891487352638303 -8.83769673 0.58808313 -0.49892850753572215 0.0
6.8294738909736e-05 0.4989019719704645 -8.9579232 0.5958563 -0.49891487352638303 0.0
6.829556103644222e-05 0.4988907978178606 -8.88826749 0.642665 -0.4989019719704645 0.0
6.829689611162777e-05 0.49886287553356073 -8.95161209 0.60406194 -0.4988907978178606 0.0
6.830025178040587e-05 0.49879253417928643 -8.89223179 0.63731393 -0.49886287553356073 0.0
6.83030180900559e-05 0.49878187158902465 -8.80653435 0.53158975 -0.49879253417928643 0.0
6.830538047959079e-05 0.49872336240648696 -8.90772868 0.63389145 -0.49878187158902465 0.0
6.831557713026589e-05 0.4984833467300709 -8.89091542 0.61551217 -0.49872336240648696 0.0
6.83241031342732e-05 0.4984737571619762 -8.94892966 0.58051067 -0.4984833467300709 0.0
6.832867893849643e-05 0.49834941098773194 -8.86270642 0.5886247 -0.4984737571619762 0.0
6.835016590722716e-05 0.497844986047003 -8.89829896 0.57662717 -0.49834941098773194 0.0
6.83741364076426e-05 0.4976480771875068 -8.95646337 0.51859664 -0.497844986047003 0.0
6.838112150298604e-05 0.4976406669915021 -8.91573355 0.56016777 -0.4976480771875068 0.0
6.838563845878717e-05 0.4975159742301277 -8.87443808 0.55240607 -0.4976406669915021 0.0
6.839247175726798e-05 0.49744082849046756 -8.85260458 0.53385113 -0.4975159742301277 0.0
6.839651338432766e-05 0.49739778753560926 -8.92673639 0.53926135 -0.49744082849046756 0.0
6.840064978564095e-05 0.497319879629745 -8.91529078 0.54237787 -0.49739778753560926 0.0
6.842117126484475e-05 0.49679790657409123 -8.88235551 0.52038931 -0.497319879629745 0.0
