0.0003213275018401366 2.7347820025857112 -7.08738466 2.88493428 -0.5032501787086932 0.0
0.0006650608193759885 2.6482133766124085 -7.10730143 2.76209845 -2.7347820025857112 0.0
0.0006892425335784971 2.6415899154207296 -7.088395 2.32327771 -2.6482133766124085 0.0
0.0007245102230369314 2.531523560507147 -7.11748591 2.2504441 -2.6415899154207296 0.0
0.0007950936927407791 2.4350593872525326 -7.10037457 1.6380616 -2.531523560507147 0.0
0.0008257437863405014 2.433648805147459 -7.05519629 1.27762717 -2.4350593872525326 0.0
0.0008323359292488454 2.3995458055218513 -7.19211435 2.91075037 -2.433648805147459 0.0
0.0008862212559743653 2.2909435228066473 -7.06063445 1.05075148 -2.3995458055218513 0.0
0.0009347874181222919 2.270101574245363 -7.16989473 1.750201 -2.2909435228066473 0.0
0.0009376946633702228 2.2647310089410784 -7.22136438 2.47556284 -2.270101574245363 0.0
0.0009730376923191551 2.178073606103177 -7.19362269 1.62964359 -2.2647310089410784 0.0
0.0010285258714011162 2.1325534473197822 -7.20846269 1.59475089 -2.178073606103177 0.0
0.0010562072089027033 2.1047328534329006 -7.2893955 2.67679386 -2.1325534473197822 0.0
0.0011102967175370185 2.01460361612369 -7.26092328 1.61164515 -2.1047328534329006 0.0
0.0011533678366448601 2.006699829449443 -7.2842682 1.8332802 -2.01460361612369 0.0
0.001258566359143306 1.8280790112915553 -7.40516934 2.84733516 -2.006699829449443 0.0
0.0014821380052955524 1.6589511871575606 -7.4359245 1.70954882 -1.8280790112915553 0.0
0.0016378489073181975 1.6020489666065292 -7.49228136 2.2941089 -1.6589511871575606 0.0
0.0016747825425642204 1.5936595793358754 -7.51188035 2.90168328 -1.6020489666065292 0.0
0.0016824287950809548 1.5731258576288258 -7.4387045 1.24873679 -1.5936595793358754 0.0
0.0017140559134328018 1.5367365767050636 -7.53160059 2.52537954 -1.5731258576288258 0.0
0.0017342736143704663 1.5294549877690682 -7.50090719 1.67071994 -1.5367365767050636 0.0
0.0017494401390992001 1.4996307101457869 -7.48346376 1.27020411 -1.5294549877690682 0.0
0.0018327765962970024 1.4179278066263743 -7.57715645 1.95875173 -1.4996307101457869 0.0
0.001932899309033901 1.3722061910136287 -7.55437218 1.2106352 -1.4179278066263743 0.0
0.0020177002068387 1.3125205496919592 -7.60330773 1.31718433 -1.3722061910136287 0.0
0.002057719544117679 1.3121351029943116 -7.64897367 2.27923168 -1.3125205496919592 0.0
0.0020637631900969093 1.286913369843533 -7.65706265 2.02087756 -1.3121351029943116 0.0
0.0020794518256318 1.2769537976086622 -7.67456426 2.46787742 -1.286913369843533 0.0
0.0020697796977094188 1.2763122893000285 -7.63898117 1.47730746 -1.2769537976086622 0.0
0.0020530858944172656 1.273251774178383 -7.66791203 2.09667474 -1.2763122893000285 0.0
0.0020481496786878615 1.2612596103827047 -7.65969051 1.67230959 -1.273251774178383 0.0
0.002092380447907981 1.2112101351711153 -7.66334034 1.21563083 -1.2612596103827047 0.0
0.00217402767889203 1.1647149147106322 -7.73184696 1.84226728 -1.2112101351711153 0.0
0.0022063615042378364 1.1612455594869668 -7.72586741 1.62807813 -1.1647149147106322 0.0
0.0022597522607253773 1.0979905608106 -7.75317182 1.27573889 -1.1612455594869668 0.0
0.0023510484508064713 1.0614658806898505 -7.78001786 1.24057031 -1.0979905608106 0.0
0.0023763319724322634 1.0563694323413801 -7.82613006 2.50971612 -1.0614658806898505 0.0
0.0023640027890230843 1.0519672332689478 -7.81347827 1.76451073 -1.0563694323413801 0.0
0.0023613532647622196 1.0387504113059738 -7.83446866 2.18087318 -1.0519672332689478 0.0
0.0023629256781407463 1.0307077251216743 -7.84665941 2.54626314 -1.0387504113059738 0.0
0.0023631019716747774 1.0187202921140577 -7.82100753 1.31686505 -1.0307077251216743 0.0
0.0023567265656376374 1.0161758435822545 -7.86253054 2.94919828 -1.0187202921140577 0.0
0.0023720744771191017 0.98606216893022 -7.87612919 2.09301789 -1.0161758435822545 0.0
0.002421696789800155 0.9548843499581361 -7.91125873 2.66427297 -0.98606216893022 0.0
0.0024488608896753796 0.9436410534063959 -7.92228123 2.77689767 -0.9548843499581361 0.0
0.002441103425326445 0.9412990824359333 -7.89111717 1.32256435 -0.9436410534063959 0.0
0.0024273132106725024 0.935079071719833 -7.91226697 1.70425629 -0.9412990824359333 0.0
0.0024144006599660294 0.9320588064032023 -7.90846136 1.5091859 -0.935079071719833 0.0
0.002402778891995538 0.9248394456276806 -7.92065958 1.66246854 -0.9320588064032023 0.0
0.002401574288935336 0.913182015000411 -7.90084768 1.05851216 -0.9248394456276806 0.0
0.002406425701432671 0.9009063645890556 -7.96280519 2.9175079 -0.913182015000411 0.0
0.002403985934047706 0.8952803328228262 -7.95088487 1.71266866 -0.9009063645890556 0.0
0.0024006411940641686 0.8838152511370332 -7.95937242 1.60802847 -0.8952803328228262 0.0
0.0023910459330625648 0.8833567953314131 -7.95995138 1.61159355 -0.8838152511370332 0.0
0.0024024602894200577 0.8545964515818393 -7.98090035 1.35858386 -0.8833567953314131 0.0
0.002442807795780202 0.8300899284245223 -8.02027629 1.73723153 -0.8545964515818393 0.0
0.002486533841421187 0.7992994641214146 -8.0372587 1.20243986 -0.8300899284245223 0.0
0.0025030363275318256 0.796724287194975 -8.05899671 1.73755201 -0.7992994641214146 0.0
0.002484540830996819 0.7942320168323722 -8.06910957 2.15766252 -0.796724287194975 0.0
0.0024685757407897123 0.7897201719175194 -8.05180966 1.25573165 -0.7942320168323722 0.0
0.0024607379423936377 0.7807067356312544 -8.05755855 1.14717635 -0.7897201719175194 0.0
0.002449932657611231 0.7786017955714655 -8.0901328 2.33797428 -0.7807067356312544 0.0
0.002452155341896842 0.759086512852682 -8.09881762 1.44828126 -0.7786017955714655 0.0
0.00246390633284845 0.7490696849636048 -8.11526766 1.54986493 -0.759086512852682 0.0
0.002462475865982936 0.7403412877751823 -8.12824502 1.58806719 -0.7490696849636048 0.0
0.002467557615189003 0.7250850680371179 -8.16074915 2.30652867 -0.7403412877751823 0.0
0.0024626404810963645 0.7243719678523133 -8.1658255 2.94417888 -0.7250850680371179 0.0
0.002464807594464926 0.7035336187044537 -8.18745394 1.86766922 -0.7243719678523133 0.0
0.0024723213790992706 0.6982820647939717 -8.20438243 2.9482441 -0.7035336187044537 0.0
0.0024701163395882304 0.6854517925762087 -8.22074594 2.27950707 -0.6982820647939717 0.0
0.0024666483376795784 0.6811548048899876 -8.21168976 1.34846903 -0.6854517925762087 0.0
0.0024531236595586713 0.6765480309892257 -8.23335141 2.06116521 -0.6811548048899876 0.0
0.0024461522079687447 0.6669636285823468 -8.25352097 2.52661026 -0.6765480309892257 0.0
0.002438711539454883 0.6627217433584496 -8.24100483 1.26664113 -0.6669636285823468 0.0
0.002423645305174509 0.6594553577612273 -8.26766941 2.70564231 -0.6627217433584496 0.0
0.002404407762031097 0.6587567579717848 -8.24594223 1.20756435 -0.6594553577612273 0.0
0.002382962817566257 0.6574730373238186 -8.26969034 2.42395065 -0.6587567579717848 0.0
0.0023645444947816997 0.6543764695171528 -8.245418 1.0311355 -0.6574730373238186 0.0
0.0023474576745624535 0.6520762987953024 -8.28183662 2.90474183 -0.6543764695171528 0.0
0.0023358763919294314 0.6443807958301123 -8.27270124 1.19423932 -0.6520762987953024 0.0
0.0023250406803424876 0.6414621881897961 -8.30123837 2.74063261 -0.6443807958301123 0.0
0.0023067184599651677 0.6403015440430591 -8.28818839 1.41707146 -0.6414621881897961 0.0
0.0022935558803675606 0.6330195167101584 -8.31024155 1.78778488 -0.6403015440430591 0.0
0.002283308445181689 0.6293468690702504 -8.3223507 2.20879448 -0.6330195167101584 0.0
0.0022679831321104115 0.6265864182010557 -8.33025407 2.55603054 -0.6293468690702504 0.0
0.002249775792682062 0.6255653328809732 -8.32265753 1.60485775 -0.6265864182010557 0.0
0.002229272139332692 0.624996429311276 -8.31347703 1.22139355 -0.6255653328809732 0.0
0.002208518850437349 0.6243707878278347 -8.33561463 2.72161829 -0.624996429311276 0.0
0.0021948052988707374 0.617564744157527 -8.35086277 2.92577998 -0.6243707878278347 0.0
0.00218072338183887 0.6173319435223221 -8.34103065 1.63396565 -0.617564744157527 0.0
0.0021603340900814482 0.6164517970079053 -8.34735381 1.94030391 -0.6173319435223221 0.0
0.00214539229770294 0.6113185876836635 -8.36485723 2.97866355 -0.6164517970079053 0.0
0.0021321895953184933 0.6088920085091111 -8.34767676 1.17302173 -0.6113185876836635 0.0
0.002118302986089416 0.6044895809743525 -8.37918445 2.55202154 -0.6088920085091111 0.0
0.0021046400508486452 0.6019298087312881 -8.36854765 1.29083272 -0.6044895809743525 0.0
0.0020899668042880745 0.5985826271773191 -8.38972617 2.00311866 -0.6019298087312881 0.0
0.0020750906452658125 0.596314323501991 -8.39715548 2.21962996 -0.5985826271773191 0.0
0.00205777892049679 0.5954361319665569 -8.37583748 1.06737515 -0.596314323501991 0.0
0.0020391981360318463 0.5945547575710879 -8.40163841 2.22857529 -0.5954361319665569 0.0
0.0020234833715261796 0.5910108007412322 -8.41323313 2.77249214 -0.5945547575710879 0.0
0.0020084549922859954 0.5895608848730136 -8.41520977 2.34570792 -0.5910108007412322 0.0
0.001993752493086069 0.5858075911619474 -8.41446099 1.45750453 -0.5895608848730136 0.0
0.001981186182899412 0.5823053485899179 -8.43687932 2.97645132 -0.5858075911619474 0.0
0.001965386474876405 0.5819175852053915 -8.43249878 1.9231282 -0.5823053485899179 0.0
0.00194658050989118 0.5816339828685557 -8.4291481 1.61815438 -0.5819175852053915 0.0
0.0019278229068112735 0.581382739010583 -8.43902896 2.79940529 -0.5816339828685557 0.0
0.001911620704791443 0.578615060114298 -8.44664719 2.74860491 -0.581382739010583 0.0
0.0018958839502207863 0.5780127020517474 -8.44580231 2.18931127 -0.578615060114298 0.0
0.0018790976232047406 0.5765019189479964 -8.44780305 1.91488544 -0.5780127020517474 0.0
0.0018621220116035572 0.5762614243260852 -8.43162343 1.142426 -0.5765019189479964 0.0
0.001844507386790466 0.5756102709278468 -8.45452261 2.52369756 -0.5762614243260852 0.0
0.0018270413101447716 0.5753893783287907 -8.45628295 2.90741981 -0.5756102709278468 0.0
0.0018123648112776717 0.5718434803161717 -8.44971212 1.27783021 -0.5753893783287907 0.0
0.0017993305444230655 0.569922180375789 -8.45697113 1.32331509 -0.5718434803161717 0.0
0.001783800354039004 0.569279113611904 -8.47432723 2.80737185 -0.569922180375789 0.0
0.0017670652630638957 0.5688734397903236 -8.47163928 2.01089882 -0.569279113611904 0.0
0.0017511253224153079 0.5675018898312227 -8.47204072 1.67897375 -0.5688734397903236 0.0
0.0017383484328578446 0.5636223439102938 -8.48785608 1.95547218 -0.5675018898312227 0.0
0.0017254649002634472 0.5624757228587424 -8.46856094 1.01529306 -0.5636223439102938 0.0
0.0017131674680964763 0.558031379488173 -8.5100908 2.52153232 -0.5624757228587424 0.0
0.0017033944206385286 0.5540161522506459 -8.525213 2.98180049 -0.558031379488173 0.0
0.001692240720631131 0.5512674907601234 -8.53515775 2.89373531 -0.5540161522506459 0.0
0.0016790300385128591 0.5497886530788906 -8.54066806 2.86331976 -0.5512674907601234 0.0
0.0016643682155515704 0.5489078109802378 -8.54320841 2.49683619 -0.5497886530788906 0.0
0.001648801130894671 0.5486821397745368 -8.52802652 1.25125124 -0.5489078109802378 0.0
0.001633038137321564 0.5482197272405451 -8.53569941 1.47005298 -0.5486821397745368 0.0
0.0016192668926026006 0.5457202993435831 -8.5562522 2.70113296 -0.5482197272405451 0.0
0.0016053462146955566 0.5455856442389545 -8.54104952 1.27458805 -0.5457202993435831 0.0
0.001590402450096261 0.5445246064307881 -8.55100091 1.49339214 -0.5455856442389545 0.0
0.0015755074360496407 0.5445040921183468 -8.55778465 1.97884898 -0.5445246064307881 0.0
0.001560384773874528 0.5439139541632187 -8.53833155 1.04050221 -0.5445040921183468 0.0
0.0015468364969423577 0.5420453466064046 -8.57087861 2.49410365 -0.5439139541632187 0.0
0.001533476941715659 0.5413609516677763 -8.57431631 2.72809639 -0.5420453466064046 0.0
0.0015200797762699406 0.5396949621070604 -8.56114834 1.14403331 -0.5413609516677763 0.0
0.001506448268595221 0.5394757634374914 -8.55629661 1.02283351 -0.5396949621070604 0.0
0.0014923637952170105 0.5385813635020867 -8.5864045 2.7046343 -0.5394757634374914 0.0
0.0014794767285106652 0.5369212691075015 -8.59410876 2.98193735 -0.5385813635020867 0.0
0.0014668834111685228 0.535777223550219 -8.5977453 2.22080443 -0.5369212691075015 0.0
0.0014533923105094187 0.5354996458227357 -8.5746448 1.02773954 -0.535777223550219 0.0
0.001439639655336465 0.5348916461415706 -8.57923636 1.0601546 -0.5354996458227357 0.0
0.0014262432841047482 0.5342968391863679 -8.60635947 2.87383171 -0.5348916461415706 0.0
0.001413355459641742 0.5331457823084055 -8.61125397 2.42510653 -0.5342968391863679 0.0
0.0014004909754236964 0.5326834276648305 -8.60814576 1.70428841 -0.5331457823084055 0.0
0.0013869884273521266 0.5326212165839722 -8.61321834 2.25688383 -0.5326834276648305 0.0
0.0013733430901220543 0.5325564030774422 -8.61147329 1.9423057 -0.5326212165839722 0.0
0.001360466097927955 0.5315620390734247 -8.61953802 2.57508842 -0.5325564030774422 0.0
0.0013479171756524007 0.5311891127292402 -8.61917504 2.0353058 -0.5315620390734247 0.0
0.0013363507876458655 0.5288985781449796 -8.63358213 2.99479731 -0.5311891127292402 0.0
0.001325217917678256 0.5280187212549625 -8.63552889 1.96584098 -0.5288985781449796 0.0
0.0013130706423435253 0.5274148460122863 -8.62559827 1.24875892 -0.5280187212549625 0.0
0.0013008717148284754 0.5267856803401906 -8.63144219 1.31974929 -0.5274148460122863 0.0
0.0012886664472509008 0.5263674645999876 -8.64552876 2.06015297 -0.5267856803401906 0.0
0.001276575748467729 0.5257383241885719 -8.6414643 1.47334462 -0.5263674645999876 0.0
0.001264338785457151 0.525730724769341 -8.64322404 1.55670708 -0.5257383241885719 0.0
0.0012523841380164826 0.5248383438753882 -8.65516757 2.18135161 -0.525730724769341 0.0
0.0012410343464590928 0.5240377499013761 -8.66086096 2.43869773 -0.5248383438753882 0.0
0.001229482002023781 0.5236420374019205 -8.65929774 1.79100508 -0.5240377499013761 0.0
0.0012176235286679212 0.5235208774566359 -8.66255823 2.07460383 -0.5236420374019205 0.0
0.0012057621468144473 0.5233197376520305 -8.66061538 1.7368059 -0.5235208774566359 0.0
0.0011942532281100323 0.5228018280174127 -8.65480521 1.30884925 -0.5233197376520305 0.0
0.0011831197167358407 0.5221517122967833 -8.65527874 1.20679956 -0.5228018280174127 0.0
0.001171909700569307 0.5219413448407015 -8.66942804 1.74163228 -0.5221517122967833 0.0
0.001160709341886426 0.5214577400695103 -8.67347784 1.81523773 -0.5219413448407015 0.0
0.0011498734449998627 0.5207995956751271 -8.68005742 2.07674828 -0.5214577400695103 0.0
0.0011389351747895214 0.520673213652326 -8.6649294 1.20799405 -0.5207995956751271 0.0
0.0011278165095042767 0.5205195313528583 -8.68266753 2.22332089 -0.520673213652326 0.0
0.0011173490772088564 0.5194218203467539 -8.69050392 2.3177735 -0.5205195313528583 0.0
0.0011069738221008236 0.5192765308647953 -8.68922377 1.9043478 -0.5194218203467539 0.0
0.0010965447044258639 0.5184532181971673 -8.69094698 1.58992734 -0.5192765308647953 0.0
0.0010871353162018242 0.5166124904418162 -8.70998353 2.04162248 -0.5184532181971673 0.0
0.0010774841927102942 0.5163861497646132 -8.70790457 1.67053774 -0.5166124904418162 0.0
0.0010669572160227326 0.5163478132598264 -8.71304675 2.83589895 -0.5163861497646132 0.0
0.001056492016941865 0.5161992375264556 -8.68702677 1.01942334 -0.5163478132598264 0.0
0.0010464586594783395 0.5155317442005193 -8.7196232 2.73807799 -0.5161992375264556 0.0
0.001036532780647527 0.5153594315320946 -8.71857187 1.8622438 -0.5155317442005193 0.0
0.0010264228000549712 0.5152341409827359 -8.72206126 2.31035667 -0.5153594315320946 0.0
0.0010165482200515548 0.5147927293952242 -8.72577342 2.34468039 -0.5152341409827359 0.0
0.0010067853809536302 0.5146340897196667 -8.71695054 1.42056331 -0.5147927293952242 0.0
0.0009970056975982956 0.5144145897611775 -8.72734069 1.95779906 -0.5146340897196667 0.0
0.0009874469564299937 0.514000867485921 -8.7210425 1.37485033 -0.5144145897611775 0.0
0.0009780049362817123 0.5137300295617659 -8.72964294 1.64507204 -0.514000867485921 0.0
0.0009685974876792482 0.5134313720285713 -8.73704065 2.79372158 -0.5137300295617659 0.0
0.0009591638117114465 0.5134038672909689 -8.73583005 1.90815193 -0.5134313720285713 0.0
0.0009496851206250844 0.5133935056587515 -8.73753136 2.18892056 -0.5134038672909689 0.0
0.0009404963557436862 0.5129486625339794 -8.73340526 1.48327869 -0.5133935056587515 0.0
0.0009314209401281645 0.5128857178882507 -8.74180837 2.09810032 -0.5129486625339794 0.0
0.0009224123867507089 0.5124858698576715 -8.73408849 1.35600155 -0.5128857178882507 0.0
0.0009134952101218707 0.5124135481666928 -8.74574403 2.91866 -0.5124858698576715 0.0
0.0009047365399400403 0.5118539794029777 -8.75163462 2.73679784 -0.5124135481666928 0.0
0.0008961368772499468 0.5116140608384737 -8.75451885 2.48029165 -0.5118539794029777 0.0
0.00088738603194253 0.5115794390149055 -8.74713165 1.50915764 -0.5116140608384737 0.0
0.000878756384702254 0.5112582038875849 -8.75810488 2.31647353 -0.5115794390149055 0.0
0.0008702263894837202 0.5111873790991379 -8.75883217 2.33442496 -0.5112582038875849 0.0
0.0008616797736669778 0.5110969154082705 -8.75806508 1.90645229 -0.5111873790991379 0.0
0.0008532677002756495 0.510907478857729 -8.75238617 1.44742186 -0.5110969154082705 0.0
0.0008449745513150285 0.5107298965968607 -8.76278623 2.72731656 -0.510907478857729 0.0
0.000836762153488364 0.5105401092637709 -8.75469997 1.39524981 -0.5107298965968607 0.0
0.0008285789647589899 0.5104846702228335 -8.76147 1.65786176 -0.5105401092637709 0.0
0.0008205140636003305 0.5102016511592975 -8.76858315 2.6495993 -0.5104846702228335 0.0
0.0008125987394928064 0.5099712383922611 -8.7699529 1.88114816 -0.5102016511592975 0.0
0.0008046745346211499 0.5099000604529513 -8.77131513 2.77647412 -0.5099712383922611 0.0
0.000796763322036628 0.5098310110443478 -8.74225712 1.00558492 -0.5099000604529513 0.0
0.0007889860257389811 0.5096175375449485 -8.76358326 1.35892776 -0.5098310110443478 0.0
0.0007813924103054217 0.5092726470865631 -8.77962289 2.27326717 -0.5096175375449485 0.0
0.0007738166711693393 0.5092018134551104 -8.76663607 1.31311696 -0.5092726470865631 0.0
0.0007662464248847067 0.5090343212791218 -8.78225539 2.4440151 -0.5092018134551104 0.0
0.0007588713181324971 0.5086443823794284 -8.78558011 1.87318484 -0.5090343212791218 0.0
0.0007515072313572282 0.5086364015420728 -8.78640773 2.62445871 -0.5086443823794284 0.0
0.0007440956203174372 0.508566288294828 -8.76868745 1.19463293 -0.5086364015420728 0.0
0.0007367646341028854 0.5085378668792666 -8.78813505 2.4828455 -0.508566288294828 0.0
0.000729620751964957 0.508152869805364 -8.79254881 2.58561785 -0.5085378668792666 0.0
0.000722542529070075 0.5081343667449573 -8.79347428 2.378876 -0.508152869805364 0.0
0.0007154848038465427 0.5078840671907099 -8.79630963 1.99273769 -0.5081343667449573 0.0
0.000708515038018424 0.5078118430934365 -8.79683217 2.60569878 -0.5078840671907099 0.0
0.000701531882859367 0.5077932762569036 -8.78624016 1.36885712 -0.5078118430934365 0.0
0.0006946758835468813 0.5075531274806144 -8.79291166 1.47263699 -0.5077932762569036 0.0
0.0006880520293241183 0.5070545084624446 -8.80686626 1.83664401 -0.5075531274806144 0.0
0.00068150467221313 0.5067751275322695 -8.81204323 1.95706697 -0.5070545084624446 0.0
0.0006749357689539424 0.5065249981881996 -8.81522258 1.85728485 -0.5067751275322695 0.0
0.0006683595119297555 0.5064570692671251 -8.78522322 1.03489787 -0.5065249981881996 0.0
0.0006618125786133442 0.5063119771903278 -8.8053797 1.31469618 -0.5064570692671251 0.0
0.0006553998595490118 0.5060301821679987 -8.81961241 2.93318946 -0.5063119771903278 0.0
0.0006491068121993468 0.5057077999028987 -8.82499205 1.59181204 -0.5060301821679987 0.0
0.0006428006258012779 0.5056548459886672 -8.83114873 2.16225392 -0.5057077999028987 0.0
0.0006365745609458666 0.5052732822581447 -8.83821476 1.99974806 -0.5056548459886672 0.0
0.0006304097380934139 0.5052172833247107 -8.83115655 1.48259892 -0.5052732822581447 0.0
0.0006242345017962963 0.5050603938696223 -8.83719074 1.58069352 -0.5052172833247107 0.0
0.0006181094568520208 0.5050377066163483 -8.818205 1.16413584 -0.5050603938696223 0.0
0.0006119989648118563 0.5050296628408357 -8.84185525 2.40914529 -0.5050377066163483 0.0
0.000605948490140375 0.5050082616857976 -8.80996137 1.05859659 -0.5050296628408357 0.0
0.000599962844069131 0.5049835130553249 -8.8436547 2.27396861 -0.5050082616857976 0.0
0.0005940397018121639 0.5049507431957492 -8.82150342 1.18741421 -0.5049835130553249 0.0
0.0005882217023665051 0.5047673265321795 -8.81323308 1.04809826 -0.5049507431957492 0.0
0.000582458273078063 0.5047428192347972 -8.84439616 2.7205606 -0.5047673265321795 0.0
0.0005767390732331554 0.5046018640661375 -8.84838581 1.62883357 -0.5047428192347972 0.0
0.0005710725416225602 0.5045895661052554 -8.81337849 1.01799758 -0.5046018640661375 0.0
0.0005654257365431314 0.5045757649840269 -8.84739449 2.75003666 -0.5045895661052554 0.0
0.0005598553462634954 0.5044899527596969 -8.84715866 2.8937795 -0.5045757649840269 0.0
0.0005543428608405005 0.5044652264205354 -8.85228815 1.65838309 -0.5044899527596969 0.0
0.0005488674714796342 0.5044420214135015 -8.85037322 1.55956832 -0.5044652264205354 0.0
0.0005434506585674754 0.5044007543599581 -8.84957211 2.85393445 -0.5044420214135015 0.0
0.0005380834364579447 0.5043919259917796 -8.85617828 2.32988534 -0.5044007543599581 0.0
0.0005327664729399155 0.5043609796891023 -8.85297133 2.67348779 -0.5043919259917796 0.0
0.0005275017933827821 0.5043531159818743 -8.85827683 1.91446708 -0.5043609796891023 0.0
0.0005222822000626509 0.504348738314879 -8.85348717 2.65523187 -0.5043531159818743 0.0
0.0005171133204149326 0.504344486349695 -8.85850367 1.91615602 -0.504348738314879 0.0
0.0005120153233975845 0.5042630498841127 -8.84749482 1.37585636 -0.504344486349695 0.0
0.000506967787306279 0.5042579978216144 -8.83299548 1.15535545 -0.5042630498841127 0.0
0.0005019543763567649 0.5042388560181096 -8.8612157 1.9132294 -0.5042579978216144 0.0
0.0004969957741032917 0.5042127533137832 -8.86161487 2.18652281 -0.5042388560181096 0.0
0.0004920818917666523 0.5042109419990924 -8.8602935 1.74285097 -0.5042127533137832 0.0
0.00048722215909882775 0.5041619950244516 -8.86325685 2.12209773 -0.5042109419990924 0.0
0.00048241893392916163 0.5041248877001437 -8.85164753 1.39007486 -0.5041619950244516 0.0
0.00047769169899235627 0.5039560418355632 -8.85580716 1.38471491 -0.5041248877001437 0.0
0.00047302429206024974 0.5038618183253682 -8.87093005 2.21594943 -0.5039560418355632 0.0
0.0004683714292710934 0.5038256005647728 -8.86965982 1.6523927 -0.5038618183253682 0.0
0.0004637499632027018 0.5037933542640562 -8.86938664 2.49584158 -0.5038256005647728 0.0
0.00045917673059146016 0.5037456684710774 -8.8681212 2.65196133 -0.5037933542640562 0.0
0.00045464855326657864 0.503713611920343 -8.86814369 1.49590876 -0.5037456684710774 0.0
0.00045017268493653277 0.5036319214330774 -8.86624543 1.4032609 -0.503713611920343 0.0
0.00044573704697328884 0.5036170607712096 -8.87996878 1.92284481 -0.5036319214330774 0.0
0.00044132794600275176 0.5036131727946335 -8.87743364 2.30801488 -0.5036170607712096 0.0
0.00043696400514654224 0.5035912335704181 -8.87770538 1.66241392 -0.5036131727946335 0.0
0.0004326516935875986 0.5035481556728676 -8.99830692 1.3621855 -0.5035912335704181 0.0
0.00042837948567908376 0.5035376713738121 -8.86429656 1.32418205 -0.5035481556728676 0.0
0.00042415203331366553 0.5034824775535398 -8.88327937 2.19438951 -0.5035376713738121 0.0
0.00041996776081628523 0.5034650324368098 -8.88489187 2.09965837 -0.5034824775535398 0.0
0.0004158155395060943 0.503454217990133 -8.99982025 2.12848791 -0.5034650324368098 0.0
0.00041170298344518695 0.5034435144838858 -8.99299064 1.42364635 -0.503454217990133 0.0
0.00040763625027223735 0.5034074407916287 -8.99133391 1.4354229 -0.5034435144838858 0.0
0.00040361491048756815 0.5033708563269993 -8.99833069 2.18893847 -0.5034074407916287 0.0
0.00039963128983576694 0.5033445487662027 -8.88540726 2.3759885 -0.5033708563269993 0.0
0.00039568284099308654 0.5033289201624223 -8.88681766 2.33044179 -0.5033445487662027 0.0
0.0003917698927563352 0.5033205362470551 -8.86904235 1.29264422 -0.5033289201624223 0.0
0.0003878990521313692 0.5032873153269062 -8.99709115 1.17759137 -0.5033205362470551 0.0
0.0003840719784118542 0.5032501787086932 -8.99153176 2.14166734 -0.5032873153269062 0.0
0.00038027653118265746 0.5032492074747921 -8.98885695 1.31627786 -0.5032501787086932 0.0
0.00037651309013221965 0.5032412912593904 -8.89260489 2.19668503 -0.5032492074747921 0.0
0.0003727886905723348 0.5032306831396095 -8.86983237 1.26517735 -0.5032412912593904 0.0
0.0003691086820325872 0.5031818580715787 -8.893158 1.60655219 -0.5032306831396095 0.0
0.00036546505515500533 0.5031709521476525 -8.89790622 1.77494694 -0.5031818580715787 0.0
0.0003618509603037465 0.5031576985933421 -8.98562458 2.10009264 -0.5031709521476525 0.0
0.00035827291029737283 0.5031450903005648 -8.89691399 1.66240615 -0.5031576985933421 0.0
0.0003547349990392496 0.5031050094681386 -8.871646 1.23649196 -0.5031450903005648 0.0
0.00035123301200510546 0.5030867763950119 -8.89364555 1.51007348 -0.5031050094681386 0.0
0.00034776034454711536 0.5030769029807353 -8.97419261 1.86743973 -0.5030867763950119 0.0
0.00034431961804311787 0.503072573101708 -8.99914409 2.54254023 -0.5030769029807353 0.0
0.00034091420716367624 0.5030552303275089 -8.97582264 1.98033132 -0.503072573101708 0.0
0.0003375423540706726 0.503051626827277 -8.90510834 1.78969317 -0.5030552303275089 0.0
0.00033420110718430587 0.503050702391301 -8.97051697 1.72306028 -0.503051626827277 0.0
0.00033089355396217487 0.5030433544883648 -8.97021744 1.63423714 -0.503050702391301 0.0
0.0003276203608401411 0.5030325063883743 -8.97036877 1.57183751 -0.5030433544883648 0.0
0.0003243795832309176 0.5030249294329504 -8.90270695 1.62417442 -0.5030325063883743 0.0
0.0003211714123406114 0.5030106603289817 -8.9930658 2.46533348 -0.5030249294329504 0.0
0.00031799882487217534 0.502978843995276 -8.90170258 2.339554 -0.5030106603289817 0.0
0.0003148554240106325 0.5029782490329187 -8.98912406 2.41256699 -0.502978843995276 0.0
0.00031173847671033423 0.5029760651558828 -8.89967306 1.50491494 -0.5029782490329187 0.0
0.00030865238979997336 0.5029754454809913 -8.9093751 1.72335112 -0.5029760651558828 0.0
0.000305596611282337 0.5029748495804506 -8.90833037 1.68356858 -0.5029754454809913 0.0
0.00030257169825787693 0.5029701839289099 -8.89482033 2.59025588 -0.5029748495804506 0.0
0.00029957713285989397 0.5029668783879729 -8.96632923 1.86898448 -0.5029701839289099 0.0
0.0002966116095194336 0.5029662266539626 -8.89080412 1.37928913 -0.5029668783879729 0.0
0.0002936776257340152 0.5029480494112764 -8.90753023 1.61052677 -0.5029662266539626 0.0
0.00029077339875566453 0.5029423433282154 -8.89688611 1.43710328 -0.5029480494112764 0.0
0.00028789575576270554 0.5029390075767651 -8.89504941 1.41201565 -0.5029423433282154 0.0
0.00028504619577110257 0.5029360774158578 -8.96259584 1.61652987 -0.5029390075767651 0.0
0.00028222487056213375 0.5029325279602919 -8.96901601 2.03130446 -0.5029360774158578 0.0
0.00027943122717686837 0.5029313373225861 -8.90835665 2.19958123 -0.5029325279602919 0.0
0.0002766648033848077 0.5029309229733095 -8.96658661 1.97343954 -0.5029313373225861 0.0
0.0002739257568451977 0.5029298118034566 -8.96113783 1.74647648 -0.5029309229733095 0.0
0.0002712140230711369 0.502927955335088 -8.96754786 2.0044773 -0.5029298118034566 0.0
0.0002685297299900877 0.5029224064631731 -8.99594943 2.62035314 -0.502927955335088 0.0
0.0002658726193112951 0.5029159230801594 -8.90155983 2.45040389 -0.5029224064631731 0.0
0.00026324168356212855 0.50291126516544 -8.9112655 1.62540013 -0.5029159230801594 0.0
0.00026063697165662334 0.5029033277764126 -8.95878116 1.78099252 -0.50291126516544 0.0
0.0002580597442040733 0.5028854057543952 -8.90520483 2.38753476 -0.5029033277764126 0.0
0.0002555083121059577 0.502875031972136 -8.95535163 1.70967538 -0.5028854057543952 0.0
0.0002529799571738168 0.5028740977941139 -8.91068782 2.24500521 -0.502875031972136 0.0
0.0002504759530673264 0.5028690597813898 -8.9938043 2.62744245 -0.5028740977941139 0.0
0.00024799727725550443 0.5028637418516098 -8.90753599 2.35564 -0.5028690597813898 0.0
0.00024554274291813024 0.5028618573558168 -8.8758736 1.18979825 -0.5028637418516098 0.0
0.0002431127751225126 0.5028542937921201 -8.92157777 1.94943345 -0.5028618573558168 0.0
0.00024070677328748722 0.5028530886088329 -8.95233947 1.73381233 -0.5028542937921201 0.0
0.00023832372484238303 0.5028527250511803 -8.96584609 1.38768874 -0.5028530886088329 0.0
0.00023596505211821543 0.5028448830205612 -8.95183981 1.67679807 -0.5028527250511803 0.0
0.00023362999579462312 0.5028421842302848 -8.95356943 1.88582313 -0.5028448830205612 0.0
0.00023131789299446224 0.5028356707935497 -8.91614551 2.17230468 -0.5028421842302848 0.0
0.00022902862017913417 0.5028334223890749 -8.95137903 1.86630165 -0.5028356707935497 0.0
0.0002267626587225166 0.5028211300748175 -8.88987332 2.94477046 -0.5028334223890749 0.0
0.00022451984091019226 0.5028124261066127 -8.93083321 1.85836202 -0.5028211300748175 0.0
0.00022229795125088553 0.5028114217777659 -8.93118945 1.85581888 -0.5028124261066127 0.0
0.0002200972982903954 0.5028095468887719 -8.92592452 1.65935158 -0.5028114217777659 0.0
0.00021791837142385245 0.5028090878314752 -8.94604431 1.66252498 -0.5028095468887719 0.0
0.00021576085452679352 0.5028087057647204 -8.95503947 1.50429739 -0.5028090878314752 0.0
0.00021362470089740732 0.5028082222475357 -8.93233484 1.75365257 -0.5028087057647204 0.0
0.0002115097319368796 0.5028075040423169 -8.9609956 2.10260185 -0.5028082222475357 0.0
0.0002094159413199469 0.5028047349776761 -8.96959571 2.24474856 -0.5028075040423169 0.0
0.00020734302306881893 0.5028026144525937 -8.93948891 1.82230201 -0.5028047349776761 0.0
0.00020529084547132965 0.5027976852548379 -8.88522527 1.24312773 -0.5028026144525937 0.0
0.00020325902165349837 0.5027951479946571 -8.92530963 2.05742009 -0.5027976852548379 0.0
0.0002012472059326051 0.5027912271193916 -8.91446009 2.30096802 -0.5027951479946571 0.0
0.00019925541905939956 0.5027875223884902 -8.92349843 2.11266092 -0.5027912271193916 0.0
0.00019728460628010833 0.5027708184746739 -8.95327973 1.47185899 -0.5027875223884902 0.0
0.0001953346882311755 0.502752762429385 -8.92436397 2.17384107 -0.5027708184746739 0.0
0.00019340270564360043 0.5027498855217127 -8.97748185 2.4434692 -0.502752762429385 0.0
0.00019148824654482199 0.5027483843484207 -8.90339436 1.37008163 -0.5027498855217127 0.0
0.00018959276968026517 0.502745176809499 -8.90391127 2.62955516 -0.5027483843484207 0.0
0.00018771611368404944 0.5027430556632644 -8.89511091 2.87614452 -0.502745176809499 0.0
0.00018585811857452735 0.5027389325398545 -8.96233777 1.33019148 -0.5027430556632644 0.0
0.0001840186776386952 0.5027350297658213 -8.93567978 1.54544962 -0.5027389325398545 0.0
0.00018219707773642644 0.5027349016982435 -8.95125061 2.11667712 -0.5027350297658213 0.0
0.00018039342389164384 0.5027319518490547 -8.9763512 2.44523353 -0.5027349016982435 0.0
0.0001786077895148124 0.5027299844693209 -8.986371 2.62108899 -0.5027319518490547 0.0
0.00017683957501071464 0.5027299223070707 -8.90588383 2.59987289 -0.5027299844693209 0.0
0.00017508946411245608 0.5027211206229045 -8.91563527 2.39143177 -0.5027299223070707 0.0
0.00017335670387056377 0.5027207064853181 -8.92499608 2.22632467 -0.5027211206229045 0.0
0.0001716405548447765 0.502718161148842 -8.9171382 2.36619084 -0.5027207064853181 0.0
0.0001699416474175463 0.5027147749491039 -8.99003838 2.7049821 -0.502718161148842 0.0
0.0001682596238609573 0.5027114214111854 -8.9891396 1.0295742 -0.5027147749491039 0.0
0.0001665942880340184 0.5027075592877973 -8.98160248 1.10251077 -0.5027114214111854 0.0
0.00016494522661266817 0.5027067292381345 -8.91954613 2.33965534 -0.5027075592877973 0.0
0.00016331239165349537 0.5027040556159174 -8.96675583 1.25626143 -0.5027067292381345 0.0
0.00016169623236879252 0.502696894882009 -8.98754561 1.0399423 -0.5027040556159174 0.0
0.00016009619432983064 0.5026926279858281 -8.96483071 2.32566599 -0.502696894882009 0.0
0.00015851171295384515 0.5026889527521247 -8.99990114 2.92750239 -0.5026926279858281 0.0
0.0001569426056008462 0.5026886067946041 -8.89916921 1.30349759 -0.5026889527521247 0.0
0.00015538898378635596 0.5026855371982561 -8.91459062 1.40867603 -0.5026886067946041 0.0
0.00015385130377072547 0.5026778850707198 -8.9604348 1.30358382 -0.5026855371982561 0.0
0.0001523286613219979 0.5026771633431865 -8.90249879 2.75349823 -0.5026778850707198 0.0
0.0001508206064151371 0.5026759004514901 -8.92028866 1.43277954 -0.5026771633431865 0.0
0.00014932757668542618 0.5026739007001966 -8.96411741 2.34118795 -0.5026759004514901 0.0
0.00014785008769141851 0.5026623480041279 -8.94844105 1.39488247 -0.5026739007001966 0.0
0.00014638734774888944 0.5026585671574868 -8.96749089 2.40222099 -0.5026623480041279 0.0
0.0001449386337975315 0.5026531616255181 -8.87124972 1.09588381 -0.5026585671574868 0.0
0.0001435039911640944 0.5026530851382607 -8.95969305 2.31992306 -0.5026531616255181 0.0
0.00014208352303046945 0.5026480454506751 -8.99155864 2.79869483 -0.5026530851382607 0.0
0.0001406771156548817 0.5026479644748834 -8.93507655 2.25313405 -0.5026480454506751 0.0
0.00013928462171059597 0.5026430372167388 -8.95503768 1.32699964 -0.5026479644748834 0.0
0.000137905954870096 0.5026423255456707 -8.95089698 2.26605671 -0.5026430372167388 0.0
0.00013654094502801745 0.5026372418587909 -8.90938237 2.64098992 -0.5026423255456707 0.0
0.0001351894359396068 0.5026366822439121 -8.97299362 2.50193106 -0.5026372418587909 0.0
0.0001338513554584624 0.5026308349650705 -8.96239761 2.37671713 -0.5026366822439121 0.0
0.00013252650376365666 0.5026305060978218 -8.89783586 2.93248559 -0.5026308349650705 0.0
0.00013121469264515927 0.5026257671914753 -8.92790731 1.41409425 -0.5026305060978218 0.0
0.0001299158922391168 0.5026250415235187 -8.9902305 2.79595067 -0.5026257671914753 0.0
0.00012862976794542733 0.5026230979938349 -8.94435438 2.27303124 -0.5026250415235187 0.0
0.0001273565519049777 0.5026196076648467 -8.89586964 2.99929749 -0.5026230979938349 0.0
0.00012609594840369792 0.502617507666868 -8.95547957 2.33111604 -0.5026196076648467 0.0
0.00012484767979579223 0.5026163055773514 -8.95774853 2.35086492 -0.502617507666868 0.0
0.00012361180953023178 0.5026135375586644 -8.94593615 1.36741947 -0.5026163055773514 0.0
0.00012238836609820936 0.5026091828274669 -8.9033146 2.81640265 -0.5026135375586644 0.0
0.00012117720504374981 0.5026035530433474 -8.9300397 1.39775772 -0.5026091828274669 0.0
0.0001199777730814602 0.5026034760031257 -8.96629571 2.45349438 -0.5026035530433474 0.0
0.00011879000187637062 0.502601405753266 -8.91100105 2.65283725 -0.5026034760031257 0.0
0.000117614252843421 0.5025968509575496 -8.96766949 2.4774829 -0.502601405753266 0.0
0.00011645024537832746 0.5025929886146654 -8.92686003 2.40856081 -0.5025968509575496 0.0
0.00011529802247992173 0.5025838441505944 -8.95974636 2.40977508 -0.5025929886146654 0.0
0.00011415706728205193 0.5025823123781387 -8.98447157 1.02964143 -0.5025838441505944 0.0
0.00011302739590050261 0.5025732872091693 -8.94815804 2.35299147 -0.5025823123781387 0.0
0.00011190892450927514 0.5025713795724961 -8.95370658 2.3805808 -0.5025732872091693 0.0
0.00011080106998024523 0.5025704961770089 -8.90842092 2.74592574 -0.5025713795724961 0.0
0.00010970460450918113 0.5025609000483862 -8.93379008 2.39350281 -0.5025704961770089 0.0
0.00010861896918507472 0.5025603896257782 -8.95848327 2.4281587 -0.5025609000483862 0.0
0.00010754359764900733 0.5025597135079289 -8.93443383 2.39120389 -0.5025603896257782 0.0
0.00010647939735772566 0.5025493489086742 -8.92185956 1.34352237 -0.5025597135079289 0.0
0.00010542569972741283 0.5025492069322796 -8.88749074 1.16931981 -0.5025493489086742 0.0
0.00010438218342858277 0.5025435527016273 -8.96709622 2.53157356 -0.5025492069322796 0.0
0.00010334938509338391 0.5025358806529467 -8.98658503 2.81723381 -0.5025435527016273 0.0
0.00010232658290744128 0.5025345803631851 -8.92837706 2.47416249 -0.5025358806529467 0.0
0.00010131370708920897 0.502530774410652 -8.93956412 2.40953645 -0.5025345803631851 0.0
0.00010031094796464663 0.5025276641314311 -8.98754119 2.84150713 -0.502530774410652 0.0
9.931799314928114e-05 0.5025262860476821 -8.88107683 1.1234758 -0.5025276641314311 0.0
9.833498508680813e-05 0.5025207814419272 -8.94924561 2.42597705 -0.5025262860476821 0.0
9.736164810122556e-05 0.5025206014908713 -8.92657462 2.51164467 -0.5025207814419272 0.0
9.639780798314757e-05 0.5025179474395661 -8.9766791 2.68074035 -0.5025206014908713 0.0
9.544351735046579e-05 0.5025176026509445 -8.95606276 2.46301424 -0.5025179474395661 0.0
9.449875089438881e-05 0.5025133153304557 -8.91729311 2.6482923 -0.5025176026509445 0.0
9.356338451249426e-05 0.5025119419825351 -8.98437677 2.80370202 -0.5025133153304557 0.0
9.263715731604259e-05 0.5025102291534066 -8.96292412 2.52638574 -0.5025119419825351 0.0
9.172027386628025e-05 0.5025050486778944 -8.90127033 2.98800575 -0.5025102291534066 0.0
9.081248423926998e-05 0.5025029196456688 -8.96173158 2.52393848 -0.5025050486778944 0.0
8.99135578917209e-05 0.5025004406967217 -8.95779051 2.49539806 -0.5025029196456688 0.0
8.902347158193185e-05 0.5024996185646602 -8.93855715 2.45417316 -0.5025004406967217 0.0
8.814226793313436e-05 0.5024955199700656 -8.94389587 1.29226002 -0.5024996185646602 0.0
8.726975852686271e-05 0.5024953486726906 -8.95013217 1.26205737 -0.5024955199700656 0.0
8.640584174993531e-05 0.5024922739348596 -8.91285929 1.28055739 -0.5024953486726906 0.0
8.555060809904569e-05 0.5024890428569029 -8.94636052 2.46018729 -0.5024922739348596 0.0
8.470394098489461e-05 0.5024835704390609 -8.97783188 2.73201174 -0.5024890428569029 0.0
8.386576763978958e-05 0.5024776070289314 -8.9786353 1.04418594 -0.5024835704390609 0.0
8.303567613797426e-05 0.5024772446276144 -8.91037361 2.81754723 -0.5024776070289314 0.0
8.221355976313022e-05 0.5024771440282761 -8.95807168 2.52474464 -0.5024772446276144 0.0
8.221359797564192e-05 0.5024763150366913 -8.90695964 2.88939327 -0.5024771440282761 0.0
8.221365689914462e-05 0.5024757106037564 -8.91191431 2.78941203 -0.5024763150366913 0.0
8.22139101346558e-05 0.5024701546295194 -8.92523422 2.59180828 -0.5024757106037564 0.0
8.221416919966536e-05 0.5024694083876534 -8.98593566 2.87025541 -0.5024701546295194 0.0
8.221420280522408e-05 0.5024693371169271 -8.94868782 1.25469095 -0.5024694083876534 0.0
8.221429134971876e-05 0.5024672543948155 -8.94144843 2.48876697 -0.5024693371169271 0.0
8.22144369111817e-05 0.5024657960936437 -8.94206094 1.28087512 -0.5024672543948155 0.0
8.221464244092122e-05 0.5024622545583224 -8.91633591 2.72679455 -0.5024657960936437 0.0
8.2214870492744e-05 0.5024602483811716 -8.92017624 2.66974034 -0.5024622545583224 0.0
8.221513097078154e-05 0.5024559180533956 -8.90933578 2.86328431 -0.5024602483811716 0.0
8.221536914365965e-05 0.5024544544913021 -8.9308449 2.55663125 -0.5024559180533956 0.0
8.221548505940116e-05 0.5024530982480675 -8.94768412 2.50691884 -0.5024544544913021 0.0
8.221573661209131e-05 0.502448335155415 -8.95839601 1.18605222 -0.5024530982480675 0.0
8.22161050843473e-05 0.5024441347210429 -8.94231903 2.51646175 -0.502448335155415 0.0
8.221628384910069e-05 0.5024439865004873 -8.97197443 2.69543609 -0.5024441347210429 0.0
8.221632399128837e-05 0.502443158219374 -8.98267459 2.84355427 -0.5024439865004873 0.0
8.221654633679552e-05 0.502438577720459 -8.91020129 1.24460835 -0.502443158219374 0.0
8.221692809464206e-05 0.5024338715986113 -8.95584053 2.56062432 -0.502438577720459 0.0
8.221714816440291e-05 0.5024332243292238 -8.94790508 1.23854553 -0.5024338715986113 0.0
8.221718249934188e-05 0.5024330363729383 -8.87664539 1.07351603 -0.5024332243292238 0.0
8.221727397079919e-05 0.5024309992138247 -8.92329005 2.6636063 -0.5024330363729383 0.0
8.221742101286017e-05 0.5024294594615747 -8.89332906 1.16279267 -0.5024309992138247 0.0
8.22175073959638e-05 0.5024288978810265 -8.96789059 2.66503833 -0.5024294594615747 0.0
8.221780471889664e-05 0.5024222268916143 -8.98684179 2.93003759 -0.5024288978810265 0.0
8.221817726807699e-05 0.5024198353977285 -8.92061807 2.71242432 -0.5024222268916143 0.0
8.221886974846566e-05 0.5024053820672022 -8.94051771 1.25147525 -0.5024198353977285 0.0
8.221966440043283e-05 0.5024005052846148 -8.97051612 2.72329861 -0.5024053820672022 0.0
8.221996872207591e-05 0.5023979794277972 -8.97841183 2.82523857 -0.5024005052846148 0.0
8.222024709102461e-05 0.5023937339768343 -8.93450753 1.2578751 -0.5023979794277972 0.0
8.222045649921383e-05 0.5023928855948376 -8.98547242 2.93553874 -0.5023937339768343 0.0
8.222059447116726e-05 0.5023903778344839 -8.91598298 2.81748597 -0.5023928855948376 0.0
8.222082965744974e-05 0.5023871647433609 -8.9434541 2.58426872 -0.5023903778344839 0.0
8.222104922413369e-05 0.5023850369384367 -8.96136467 2.65226038 -0.5023871647433609 0.0
8.222114128172074e-05 0.5023849254729779 -8.93815997 1.24664161 -0.5023850369384367 0.0
8.222119178804447e-05 0.5023838083907677 -8.97972249 2.85746452 -0.5023849254729779 0.0
8.222170677607632e-05 0.5023723986515461 -8.93822968 1.24000378 -0.5023838083907677 0.0
8.222249160016128e-05 0.502364718028903 -8.9812195 2.89743731 -0.5023723986515461 0.0
8.222285871921734e-05 0.5023634687632732 -8.94349935 2.61209131 -0.502364718028903 0.0
8.222303341353695e-05 0.5023604687469219 -8.93670506 2.63426304 -0.5023634687632732 0.0
8.22231852212925e-05 0.5023597761798344 -8.92076827 2.78107265 -0.5023604687469219 0.0
8.222351476661178e-05 0.5023524529030465 -8.93898977 1.22818521 -0.5023597761798344 0.0
8.22239345119143e-05 0.502349566334106 -8.94021708 2.63419297 -0.5023524529030465 0.0
8.222411448952184e-05 0.5023480751638811 -8.95332648 1.16990227 -0.502349566334106 0.0
8.22243208791365e-05 0.5023445461704843 -8.91097563 1.20717414 -0.5023480751638811 0.0
8.22245609690323e-05 0.5023422352952454 -8.89828769 1.1575961 -0.5023445461704843 0.0
8.222479785603604e-05 0.5023387842280096 -8.91305979 2.9261664 -0.5023422352952454 0.0
8.222591801745636e-05 0.5023149893031552 -8.96525413 1.08569701 -0.5023387842280096 0.0
8.222699173983866e-05 0.5023126678608153 -8.94026599 2.6766592 -0.5023149893031552 0.0
8.222719027206646e-05 0.5023101604270501 -8.91111742 2.99338815 -0.5023126678608153 0.0
8.22274064407801e-05 0.5023074100278146 -8.96235017 2.74238386 -0.5023101604270501 0.0
8.222753941918682e-05 0.5023069260218702 -8.88865054 1.10267777 -0.5023074100278146 0.0
8.222756861725564e-05 0.502306699850569 -8.94832992 2.67813734 -0.5023069260218702 0.0
8.222783156305581e-05 0.5023005304784864 -8.89370731 1.12412936 -0.502306699850569 0.0
8.222822097815315e-05 0.5022972282532396 -8.92214916 2.83444127 -0.5023005304784864 0.0
8.222872996744951e-05 0.5022881506172061 -8.96909554 2.82227485 -0.5022972282532396 0.0
8.222917339325379e-05 0.5022864430829425 -8.91682371 2.92192474 -0.5022881506172061 0.0
8.222953242978902e-05 0.5022794180650421 -8.92345118 2.8384343 -0.5022864430829425 0.0
8.223006455126783e-05 0.502273500776478 -8.91396194 1.18724968 -0.5022794180650421 0.0
8.22304754105649e-05 0.5022694251637779 -8.9163565 2.94810683 -0.502273500776478 0.0
8.223149703178409e-05 0.502248653282758 -8.96964593 2.86726279 -0.5022694251637779 0.0
8.223285246913259e-05 0.5022364589858324 -8.94591832 2.75386547 -0.502248653282758 0.0
8.22335335695736e-05 0.5022320881525506 -8.87325702 1.01137077 -0.5022364589858324 0.0
8.22337645480553e-05 0.5022308413666181 -8.95903002 2.79948406 -0.5022320881525506 0.0
8.223396692489387e-05 0.5022271661727494 -8.89769555 1.11888518 -0.5022308413666181 0.0
8.223417356463646e-05 0.5022258157157136 -8.9636474 1.06465553 -0.5022271661727494 0.0
8.223426535116092e-05 0.5022249338530518 -8.90023485 1.12780682 -0.5022258157157136 0.0
8.223486632923838e-05 0.5022111995712976 -8.8904533 1.08489692 -0.5022249338530518 0.0
8.223583974191439e-05 0.5022012600055462 -8.95230745 2.80071216 -0.5022111995712976 0.0
8.223629629623642e-05 0.5022000960413425 -8.94249825 2.79658177 -0.5022012600055462 0.0
8.223660308897057e-05 0.5021937987802794 -8.93887083 2.81347744 -0.5022000960413425 0.0
8.223708152423026e-05 0.5021884604930372 -8.93947425 1.15464754 -0.5021937987802794 0.0
8.223731341824573e-05 0.5021881591351032 -8.93986239 2.81616703 -0.5021884604930372 0.0
8.223762234236868e-05 0.5021809475285229 -8.96551128 2.89633659 -0.5021881591351032 0.0
8.223816703300705e-05 0.502174912424385 -8.94201272 2.8246972 -0.5021809475285229 0.0
8.223889461485626e-05 0.5021632531262286 -8.92806327 1.15953781 -0.502174912424385 0.0
8.2239465811791e-05 0.5021610212771463 -8.93569705 1.15142958 -0.5021632531262286 0.0
8.223964957972566e-05 0.5021587840375994 -8.92802042 2.92253958 -0.5021610212771463 0.0
8.224002407168331e-05 0.5021519139749367 -8.93907999 2.85787562 -0.5021587840375994 0.0
8.224053975961123e-05 0.502146243028036 -8.91689075 1.14608652 -0.5021519139749367 0.0
8.224158671798137e-05 0.5021264533440557 -8.91114267 1.12878869 -0.502146243028036 0.0
8.224291613367901e-05 0.5021139137062585 -8.96344901 1.03026085 -0.5021264533440557 0.0
8.224355908019145e-05 0.5021108180638483 -8.9022402 1.10044592 -0.5021139137062585 0.0
8.224379643796711e-05 0.5021081416443571 -8.93619988 1.13082153 -0.5021108180638483 0.0
8.22441691949851e-05 0.5021017534087026 -8.93962176 2.90918858 -0.5021081416443571 0.0
8.224550765480077e-05 0.5020755936273253 -8.93292455 1.12392538 -0.5021017534087026 0.0
8.224688522426262e-05 0.5020682545722133 -8.95105815 1.07419484 -0.5020755936273253 0.0
8.22473066015647e-05 0.5020653469975896 -8.93747609 2.95603657 -0.5020682545722133 0.0
8.224757358162523e-05 0.5020617624549136 -8.96253386 2.99169956 -0.5020653469975896 0.0
8.224832528968561e-05 0.5020470679771611 -8.95338981 2.9623193 -0.5020617624549136 0.0
8.224974535478422e-05 0.5020272316359929 -8.95580177 2.99024379 -0.5020470679771611 0.0
8.225231145717433e-05 0.5019846714852998 -8.93864459 1.08418606 -0.5020272316359929 0.0
8.22548214764184e-05 0.5019662000122317 -8.94133024 1.07234931 -0.5019846714852998 0.0
8.225590886870133e-05 0.5019582319907944 -8.93286956 1.08516067 -0.5019662000122317 0.0
8.225687743785263e-05 0.5019426500540768 -8.90447397 1.06030752 -0.5019582319907944 0.0
8.225935446135998e-05 0.5018980067964317 -8.93561092 1.06300991 -0.5019426500540768 0.0
8.226285953820277e-05 0.5018574316431874 -8.91215467 1.0522695 -0.5018980067964317 0.0
8.226575323437796e-05 0.5018276554103989 -8.9394601 1.03576857 -0.5018574316431874 0.0
8.226727199220945e-05 0.5018205085653629 -8.94197714 1.02820272 -0.5018276554103989 0.0
8.226813237557742e-05 0.5018067387706905 -8.94938765 1.00368497 -0.5018205085653629 0.0
