0.0 59014192937.12983 -9.98353879 -7.04261294 -0.5074065785582562 0.0
0.0 1000.0 -9.98094492 -7.25883652 -59014192937.12983 0.0
0.0004417923012021171 2.396502334002368 -6.77082416 -7.04943039 nan 0.0
0.0008769513778136128 2.391678481815218 -6.76228366 -7.04859627 -2.396502334002368 0.0
0.0008863324023697171 2.355639533051108 -6.74077947 -7.05299927 -2.391678481815218 0.0
0.0009090729859554527 2.3210849633170536 -7.01873391 -7.05249197 -2.355639533051108 0.0
0.0009380734793551725 2.273207590400282 -6.79896958 -7.10025549 -2.3210849633170536 0.0
0.0009533503686268991 2.268308890859311 -6.74862016 -7.08508432 -2.273207590400282 0.0
0.0010207237186541057 2.122073008581988 -7.05807972 -7.1473381 -2.268308890859311 0.0
0.0011208376381312685 2.0569965170823514 -6.86733144 -7.1998435 -2.122073008581988 0.0
0.0011898495309502607 1.9829819090941199 -6.94513674 -7.24334827 -2.0569965170823514 0.0
0.0012382400789526958 1.9561777856949758 -7.29206597 -7.07069992 -1.9829819090941199 0.0
0.0012459828777444538 1.9504426640192043 -6.79688111 -7.21867526 -1.9561777856949758 0.0
0.001247536191276487 1.9338460010631777 -7.27905802 -7.1182118 -1.9504426640192043 0.0
0.0012511633253552965 1.9246876704063618 -7.24322681 -7.16936248 -1.9338460010631777 0.0
0.0012464657557003176 1.921450246024878 -7.14464357 -7.23728223 -1.9246876704063618 0.0
0.0012377702758384925 1.918787271150084 -6.79530038 -7.23008179 -1.921450246024878 0.0
0.0012382241547815608 1.900894600188262 -7.34019231 -7.0430124 -1.918787271150084 0.0
0.0012476003215763408 1.8837922084244274 -7.33758815 -7.07593328 -1.900894600188262 0.0
0.0012729583201059511 1.8411325161448104 -6.80943538 -7.26680508 -1.8837922084244274 0.0
0.0012909861085161729 1.8353195186218199 -7.23680868 -7.25626969 -1.8411325161448104 0.0
0.0012883723442150049 1.825301852076761 -6.83896919 -7.28563854 -1.8353195186218199 0.0
0.0013035930250332901 1.792178752214271 -7.2929052 -7.25461988 -1.825301852076761 0.0
0.001318482874802164 1.7824358073065776 -6.44079871 -7.04468026 -1.792178752214271 0.0
0.0013259442631748386 1.7610821147529263 -7.38461561 -7.15595359 -1.7824358073065776 0.0
0.0013294938161345598 1.7570783136363255 -7.28675496 -7.29479237 -1.7610821147529263 0.0
0.001341030813514161 1.7241676085928055 -7.39622277 -7.18866021 -1.7570783136363255 0.0
0.0013824269073291597 1.6766669095141549 -6.53444555 -7.15407092 -1.7241676085928055 0.0
0.0014128162225417685 1.6602811428799524 -7.39564296 -7.28606556 -1.6766669095141549 0.0
0.001465191604533887 1.585302276436649 -6.60761761 -7.24229169 -1.6602811428799524 0.0
0.001546529517196826 1.531640410437334 -6.60794291 -7.26314326 -1.585302276436649 0.0
0.0015736795911162743 1.5298762473860592 -7.54058228 -7.0981441 -1.531640410437334 0.0
0.00159436444936046 1.4861007525764125 -7.56000727 -7.14014595 -1.5298762473860592 0.0
0.0016463794183914067 1.4456978364644582 -7.5622587 -7.26661596 -1.4861007525764125 0.0
0.0016665505579789744 1.441441805994009 -7.58826835 -7.12892787 -1.4456978364644582 0.0
0.001664193145893471 1.4286645549914896 -7.59888721 -7.10279125 -1.441441805994009 0.0
0.0016633150100396283 1.422565238211241 -7.59198423 -7.18641055 -1.4286645549914896 0.0
0.0016890315609856552 1.378553377140194 -7.62006322 -7.18304669 -1.422565238211241 0.0
0.0017685746043730013 1.311274570619544 -7.66556281 -7.15305685 -1.378553377140194 0.0
0.001821840795779351 1.2982169398541998 -7.65897931 -7.28865825 -1.311274570619544 0.0
0.0018156864858380345 1.29809886902313 -7.66043151 -7.27882637 -1.2982169398541998 0.0
0.0018334997783823802 1.2591692057315191 -6.27406236 -7.09059635 -1.29809886902313 0.0
0.001881279293449667 1.226633123055237 -7.70975238 -7.28158985 -1.2591692057315191 0.0
0.0019001559940019354 1.2190503526045848 -6.34645115 -7.17244373 -1.226633123055237 0.0
0.0019271950716253006 1.178862563933493 -7.74849711 -7.21854039 -1.2190503526045848 0.0
0.001949235674295307 1.1760045579346747 -6.24883204 -7.10244512 -1.178862563933493 0.0
0.001958452601967125 1.1496981839163307 -6.28063856 -7.14298899 -1.1760045579346747 0.0
0.0019651944707601908 1.149057927185255 -7.76931381 -7.22272094 -1.1496981839163307 0.0
0.001947086153834887 1.1483120244029617 -7.77145964 -7.19295802 -1.149057927185255 0.0
0.0019298225923089398 1.146969371730654 -7.76995748 -7.23704505 -1.1483120244029617 0.0
0.0019221845195141433 1.1363705312585535 -7.77661208 -7.25370748 -1.146969371730654 0.0
0.001983035606625522 1.0659472392605085 -7.83020187 -7.23667731 -1.1363705312585535 0.0
0.0020355426841821675 1.062965182223344 -7.83275299 -7.23010291 -1.0659472392605085 0.0
0.0020261930586385262 1.0552667045678572 -6.21468745 -7.12488068 -1.062965182223344 0.0
0.00201670559038183 1.0524385188214094 -7.84434707 -7.0852338 -1.0552667045678572 0.0
0.0020087541663148605 1.0432861287980493 -7.85159198 -7.05425444 -1.0524385188214094 0.0
0.002000872841499004 1.0403814370254907 -6.13513562 -7.05721755 -1.0432861287980493 0.0
0.002020084783391376 1.0045916157164314 -6.31798395 -7.24461981 -1.0403814370254907 0.0
0.0020513161431049485 0.9895330031755326 -6.32658174 -7.25994362 -1.0045916157164314 0.0
0.0020468883338895165 0.9889560554757558 -7.89390945 -7.08170407 -0.9895330031755326 0.0
0.0020426062563786637 0.9738774686213385 -7.90556785 -7.17289141 -0.9889560554757558 0.0
0.0020605739407484093 0.9516065751649188 -7.92336464 -7.25689389 -0.9738774686213385 0.0
0.0020763548549744756 0.9386362150594063 -7.93426721 -7.28800942 -0.9516065751649188 0.0
0.0020831095291627215 0.9252131792422019 -7.94797209 -7.11669022 -0.9386362150594063 0.0
0.0020926115468629597 0.9096488971421559 -7.96093574 -7.28495488 -0.9252131792422019 0.0
0.0020950210022008496 0.9029616395788943 -7.96816966 -7.15651762 -0.9096488971421559 0.0
0.002087855936548309 0.8965989894286687 -6.1644074 -7.15619908 -0.9029616395788943 0.0
0.0020737730020113556 0.8965868916659515 -7.97334392 -7.28124132 -0.8965989894286687 0.0
0.002062995766952836 0.8871415756050406 -6.19098871 -7.18637663 -0.8965868916659515 0.0
0.0020692901667908135 0.8706391052989094 -7.99823129 -7.04163028 -0.8871415756050406 0.0
0.0020718344527009217 0.8647239989270915 -8.00442129 -7.29862065 -0.8706391052989094 0.0
0.002063215399935459 0.8590752419894339 -8.01047809 -7.1812318 -0.8647239989270915 0.0
0.0020584305817568406 0.8494819692134886 -8.02004712 -7.29168897 -0.8590752419894339 0.0
0.0020497030127123376 0.8476502676727689 -8.02209599 -7.19745285 -0.8494819692134886 0.0
0.0020406361117838194 0.8384682103056393 -6.23432593 -7.25392293 -0.8476502676727689 0.0
0.002055880402538301 0.8130054182089792 -8.05895278 -7.21841693 -0.8384682103056393 0.0
0.0020838599656868607 0.7914857350174768 -8.0832054 -7.22316148 -0.8130054182089792 0.0
0.0020901037356072585 0.7870104469094744 -8.08635208 -7.05864525 -0.7914857350174768 0.0
0.0020815983077100792 0.7797486161949927 -6.21899427 -7.2733173 -0.7870104469094744 0.0
0.002091052374687606 0.7581503170363086 -8.12102319 -7.08256633 -0.7797486161949927 0.0
0.0021268624125931374 0.7260285161879618 -8.16398532 -7.17128086 -0.7581503170363086 0.0
0.0021755985857798373 0.6929532142552497 -8.20848991 -7.07648686 -0.7260285161879618 0.0
0.0021897518380912056 0.692885608314411 -8.21063313 -7.15850211 -0.6929532142552497 0.0
0.002169224687319585 0.6918896088238188 -8.21435952 -7.26612293 -0.692885608314411 0.0
0.0021568109064783103 0.6844766729784717 -6.011043 -7.13244779 -0.6918896088238188 0.0
0.002148097480733911 0.6800763315938382 -8.22968668 -7.14297065 -0.6844766729784717 0.0
0.002146246560813401 0.666342379310381 -8.25448938 -7.26133435 -0.6800763315938382 0.0
0.002141922721410818 0.6641629767647323 -6.07999526 -7.21272258 -0.666342379310381 0.0
0.0021335132889480947 0.6543323727871517 -6.16376755 -7.300223 -0.6641629767647323 0.0
0.002137103507797181 0.6409204071104115 -8.29349744 -7.10477455 -0.6543323727871517 0.0
0.0021302152277566343 0.6408435240554892 -8.29309012 -7.08902897 -0.6409204071104115 0.0
0.002113508137681692 0.636771547491761 -8.30103712 -7.10701939 -0.6408435240554892 0.0
0.00210686086045077 0.6272615182140655 -8.31969363 -7.13554496 -0.636771547491761 0.0
0.0021011561030339163 0.6222772411261379 -8.32718755 -7.08127256 -0.6272615182140655 0.0
0.0020879611163219804 0.6199553357791566 -9.90561796 -7.14651863 -0.6222772411261379 0.0
0.002071523073280056 0.6181838690959939 -8.3413939 -7.24901583 -0.6199553357791566 0.0
0.0020534474611028863 0.6175820838365333 -8.33858098 -7.13849462 -0.6181838690959939 0.0
0.002034015561897381 0.6172993779497304 -8.33715076 -7.08758872 -0.6175820838365333 0.0
0.0020143702235651834 0.6170921050312691 -9.88160834 -7.12791195 -0.6172993779497304 0.0
0.0019977443055015365 0.6139769427564667 -9.91105062 -7.13645943 -0.6170921050312691 0.0
0.00198223994105391 0.6127717966895466 -9.86823762 -7.07536803 -0.6139769427564667 0.0
0.001964647668224127 0.6119052319025616 -9.84754787 -7.21329987 -0.6127717966895466 0.0
0.0019512241534444489 0.6065899681178145 -9.82082631 -7.23723865 -0.6119052319025616 0.0
0.0019437490719426533 0.5996860773383496 -9.78611976 -7.23717118 -0.6065899681178145 0.0
0.0019326399020667738 0.598141439557771 -9.87375515 -7.05341961 -0.5996860773383496 0.0
0.0019149827108430422 0.5981414169357679 -8.37742328 -7.10012492 -0.598141439557771 0.0
0.001900907542887343 0.593001718026908 -8.38948988 -7.11523714 -0.5981414169357679 0.0
0.0018901886342945259 0.5895467267241096 -9.73383847 -7.0790793 -0.593001718026908 0.0
0.0018755725871484217 0.5886235611001385 -8.39855107 -7.09545544 -0.5895467267241096 0.0
0.0018583689018034694 0.5880755753054085 -9.72654753 -7.1400884 -0.5886235611001385 0.0
0.001842234674235966 0.586163412204095 -9.71736315 -7.23602698 -0.5880755753054085 0.0
0.0018279832050032867 0.5837075997181315 -9.70355794 -7.0637883 -0.586163412204095 0.0
0.0018128318747541769 0.5829075848639551 -9.69970425 -7.11626577 -0.5837075997181315 0.0
0.0017995644976878413 0.5785026376886893 -9.67695607 -7.14373498 -0.5829075848639551 0.0
0.0017866005427768852 0.5774623704298737 -9.67202706 -7.20218275 -0.5785026376886893 0.0
0.0017700442474075967 0.577221982452525 -9.67110836 -7.23749249 -0.5774623704298737 0.0
0.0017540627527455816 0.5757020209730626 -9.66166821 -7.06931112 -0.577221982452525 0.0
0.001739842889145696 0.5736015555453137 -9.65248151 -7.2699179 -0.5757020209730626 0.0
0.0017248980661050258 0.5730540490810295 -9.64745471 -7.04434697 -0.5736015555453137 0.0
0.0017090532245962091 0.5721578382330801 -9.643407 -7.12725732 -0.5730540490810295 0.0
0.0016965773740838797 0.5678111801076703 -8.44824599 -7.06449001 -0.5721578382330801 0.0
0.0016842778456671416 0.5668047435373625 -9.61583732 -7.21808142 -0.5678111801076703 0.0
0.0016713121648055359 0.5633689131327073 -6.08170054 -7.28647942 -0.5668047435373625 0.0
0.0016592914313743878 0.5613389261352759 -9.58733661 -7.29963585 -0.5633689131327073 0.0
0.0016450002871172497 0.560767510676335 -9.58124923 -7.05610388 -0.5613389261352759 0.0
0.001629317025027168 0.5605974596196424 -9.58239724 -7.22840435 -0.560767510676335 0.0
0.0016139713570197652 0.5597932051496366 -9.57823629 -7.24688461 -0.5605974596196424 0.0
0.0015990079035627077 0.559325583783751 -9.57479116 -7.17755552 -0.5597932051496366 0.0
0.0015866385533358284 0.555427718558053 -8.48361723 -7.08291861 -0.559325583783751 0.0
0.001574046977746367 0.5553564555953864 -9.55395422 -7.26097638 -0.555427718558053 0.0
0.0015589496712362769 0.5548025099116976 -8.48604375 -7.09334878 -0.5553564555953864 0.0
0.0015439503058958008 0.5547917993007362 -6.05555552 -7.26762449 -0.5548025099116976 0.0
0.0015291762018150902 0.5541321680978839 -9.54681946 -7.23759147 -0.5547917993007362 0.0
0.0015146493061598575 0.553981492751225 -9.54416801 -7.10267732 -0.5541321680978839 0.0
0.0014997876744582746 0.5539522676393757 -8.49444432 -7.1955758 -0.553981492751225 0.0
0.0014862681844898795 0.5521918928231891 -9.53476694 -7.15225624 -0.5539522676393757 0.0
0.0014731946420275285 0.5517211575545207 -9.53219748 -7.15871929 -0.5521918928231891 0.0
0.0014598972723048045 0.55042598870534 -9.5259066 -7.2341719 -0.5517211575545207 0.0
0.0014499880593973984 0.5454477727536791 -9.4971998 -7.22448079 -0.55042598870534 0.0
0.0014396156371241592 0.5448775370495262 -9.49209526 -7.10214635 -0.5454477727536791 0.0
0.0014261239302926177 0.5443789587813613 -8.52417229 -7.18955962 -0.5448775370495262 0.0
0.0014127749785484132 0.5437856725636293 -8.51804938 -7.05804851 -0.5443789587813613 0.0
0.0013996722511227706 0.5431137965264035 -9.48135658 -7.07583315 -0.5437856725636293 0.0
0.0013875567180337953 0.5412730634933419 -9.47272551 -7.22678198 -0.5431137965264035 0.0
0.0013764701837691157 0.539257421849746 -8.53530318 -7.09236338 -0.5412730634933419 0.0
0.0013647352406664847 0.538495406296196 -9.45571917 -7.2004022 -0.539257421849746 0.0
0.0013526263509470611 0.5371816450152778 -9.44773759 -7.19879739 -0.538495406296196 0.0
0.001340309938436914 0.5368888607483249 -8.5499802 -7.19134888 -0.5371816450152778 0.0
0.0013277658474155829 0.5360874599746455 -8.55659518 -7.24723103 -0.5368888607483249 0.0
0.0013152908984175311 0.5358677687454355 -9.43930162 -7.17151427 -0.5360874599746455 0.0
0.0013039593431471836 0.5334933401627565 -9.42279844 -7.05821703 -0.5358677687454355 0.0
0.0012927650035277434 0.5332096103333961 -9.42109643 -7.06243318 -0.5334933401627565 0.0
0.001282249106063923 0.5299307221112117 -9.40013819 -7.04974106 -0.5332096103333961 0.0
0.0012717521136006923 0.5297464362278996 -9.3988159 -7.04156073 -0.5299307221112117 0.0
0.001259336580756678 0.5296510693670298 -9.40027457 -7.16685295 -0.5297464362278996 0.0
0.0012484527104645012 0.5272074773388645 -9.3844771 -7.16812858 -0.5296510693670298 0.0
0.0012377909154173189 0.5269023020404332 -8.59468817 -7.28148518 -0.5272074773388645 0.0
0.0012260281312773992 0.5264038308093895 -9.3782552 -7.10898105 -0.5269023020404332 0.0
0.0012155665289812635 0.5241419286909429 -8.59535568 -7.13275884 -0.5264038308093895 0.0
0.001205152039946584 0.5237109642902371 -9.36113704 -7.16009026 -0.5241419286909429 0.0
0.0011935602855730225 0.5235713376456244 -9.35867155 -7.06812728 -0.5237109642902371 0.0
0.0011818786747808537 0.523481114538617 -8.59684766 -7.1143341 -0.5235713376456244 0.0
0.0011702513039628503 0.5234441827426752 -9.35999565 -7.20475454 -0.523481114538617 0.0
0.001158816338696722 0.5232193230809371 -9.35653756 -7.08233941 -0.5234441827426752 0.0
0.0011476061662110265 0.5229853385553305 -9.35518057 -7.09577447 -0.5232193230809371 0.0
0.0011368895096584572 0.5220831417407024 -9.35002612 -7.15738755 -0.5229853385553305 0.0
0.0011261855604511898 0.5220039163025523 -9.34837968 -7.08973864 -0.5220831417407024 0.0
0.0011155004641770932 0.5212489435048573 -9.34410904 -7.14613721 -0.5220039163025523 0.0
0.0011049524383631823 0.52110483562797 -9.34501949 -7.29083471 -0.5212489435048573 0.0
0.001094322752371453 0.5206815431990094 -9.34034699 -7.15728707 -0.52110483562797 0.0
0.0010837293854526425 0.5206590362627982 -8.60920555 -7.11516472 -0.5206815431990094 0.0
0.0010733719103116373 0.519987425947631 -9.3346604 -7.10470435 -0.5206590362627982 0.0
0.0010633107160438735 0.5195936081689008 -9.33288509 -7.16731279 -0.519987425947631 0.0
0.0010530071132392122 0.5195614644910999 -8.61951235 -7.18656213 -0.5195936081689008 0.0
0.0010426804376050599 0.5194034464316459 -6.05037607 -7.29079795 -0.5195614644910999 0.0
0.0010325151930432488 0.5192547636546148 -8.62149628 -7.19392538 -0.5194034464316459 0.0
0.0010227867681448918 0.5184364128219165 -9.3251799 -7.20280412 -0.5192547636546148 0.0
0.0010136438241696412 0.5173131343808696 -8.62869363 -7.16895572 -0.5184364128219165 0.0
0.0010045791881131646 0.5165012998844589 -8.64271552 -7.29280621 -0.5173131343808696 0.0
0.000995299240765621 0.515973533697486 -9.3070877 -7.18448518 -0.5165012998844589 0.0
0.0009859471037479035 0.5154820900890994 -9.30282022 -7.13942972 -0.515973533697486 0.0
0.0009769984434857453 0.5143084498985815 -8.63947853 -7.11771023 -0.5154820900890994 0.0
0.0009680297078862693 0.5140256682440194 -9.29144657 -7.10724655 -0.5143084498985815 0.0
0.0009590136431512619 0.5131229230450156 -8.64138333 -7.06281602 -0.5140256682440194 0.0
0.0009500834278218703 0.5128358268439944 -9.28191094 -7.07739954 -0.5131229230450156 0.0
0.000940997194751812 0.512441561699544 -9.28135416 -7.27580387 -0.5128358268439944 0.0
0.0009318776029506536 0.5124124858688265 -9.27818406 -7.05041252 -0.512441561699544 0.0
0.0009226943226025518 0.5123478552582285 -8.64592259 -7.06986317 -0.5124124858688265 0.0
0.0009138846717960241 0.5116991637195982 -8.6496668 -7.07419309 -0.5123478552582285 0.0
0.0009051956052890223 0.51155374374306 -9.27323361 -7.1594708 -0.5116991637195982 0.0
0.0008964132242274776 0.5112976418672859 -9.27244016 -7.28708095 -0.51155374374306 0.0
0.000888371653878312 0.5096763424703508 -8.67463461 -7.24106797 -0.5112976418672859 0.0
0.0008803125879056259 0.5096225770258449 -8.67128367 -7.19975887 -0.5096763424703508 0.0
0.0008716902207635822 0.5094615836283467 -9.25742191 -7.24810455 -0.5096225770258449 0.0
0.0008632313672280057 0.5092246384395569 -8.66501398 -7.09723836 -0.5094615836283467 0.0
0.0008551163880775024 0.5084513883921449 -8.67547571 -7.17001094 -0.5092246384395569 0.0
0.0008470311408842315 0.5083240833170692 -9.2460108 -7.07292291 -0.5084513883921449 0.0
0.0008387617111481077 0.5081723469184948 -8.68710563 -7.28002121 -0.5083240833170692 0.0
0.0008307068731970143 0.5077227824140346 -8.68237732 -7.19943263 -0.5081723469184948 0.0
0.0008227181735383359 0.5075982160567212 -8.68543871 -7.22493986 -0.5077227824140346 0.0
0.0008147012468633975 0.5074065785582562 -8.69042274 -7.26574807 -0.5075982160567212 0.0
0.0008071333293700939 0.506363031571192 -9.2307544 -7.16642434 -0.5074065785582562 0.0
0.0007996394848649593 0.50616143179822 -9.22968477 -7.28080452 -0.506363031571192 0.0
0.0007918404674628665 0.5060644433060979 -8.68895383 -7.15900695 -0.50616143179822 0.0
0.0007842485692080746 0.5055286772862405 -8.68513566 -7.07372049 -0.5060644433060979 0.0
0.0007766953465039569 0.5055193871044299 -9.22398432 -7.25838243 -0.5055286772862405 0.0
0.0007691504013279266 0.5051513559326057 -9.2203865 -7.19175776 -0.5055193871044299 0.0
0.0007617175181617783 0.5050402044254002 -9.21972591 -7.29480616 -0.5051513559326057 0.0
0.0007543629671316983 0.5046549981058676 -9.2161888 -7.23593038 -0.5050402044254002 0.0
0.0007471009752015826 0.5044860940541963 -9.21470779 -7.28973464 -0.5046549981058676 0.0
0.0007398611477447418 0.5042299854407233 -8.70911269 -7.24704156 -0.5044860940541963 0.0
0.0007329266835244722 0.5034192922597347 -8.69854543 -7.07050735 -0.5042299854407233 0.0
0.0007259652046823643 0.5034163357622085 -8.70108195 -7.10066396 -0.5034192922597347 0.0
0.0007187931885103769 0.5033754461149827 -8.7032598 -7.12266873 -0.5034163357622085 0.0
0.0007117289745996989 0.5032686632399572 -9.20313579 -7.16732965 -0.5033754461149827 0.0
0.0007047883932530841 0.503073948934663 -9.19985328 -7.04502683 -0.5032686632399572 0.0
0.000697884991589265 0.5030545634570658 -8.7179843 -7.25426851 -0.503073948934663 0.0
0.0006909836529215672 0.5030495958091098 -8.71776947 -7.25181976 -0.5030545634570658 0.0
0.0006843441125440422 0.5024645607608281 -9.19586145 -7.23751797 -0.5030495958091098 0.0
0.0006779953015929757 0.5017900053287667 -8.71121846 -7.08725937 -0.5024645607608281 0.0
0.000671563360326622 0.5016277722671638 -9.18758069 -7.16715111 -0.5017900053287667 0.0
0.0006649868103819913 0.5015716607714288 -9.18713568 -7.18762836 -0.5016277722671638 0.0
0.0006585530086894864 0.5011715285098761 -8.72524507 -7.19027491 -0.5015716607714288 0.0
0.0006521855667037406 0.5011027285239362 -8.71718832 -7.09868165 -0.5011715285098761 0.0
0.000645878657771611 0.5007058711320901 -9.17859299 -7.23808531 -0.5011027285239362 0.0
0.0006396700190909497 0.5005204393476372 -9.17563045 -7.05777021 -0.5007058711320901 0.0
0.0006334036362675327 0.5004943475189546 -9.17648856 -7.21614902 -0.5005204393476372 0.0
0.0006272887336698978 0.5000217134221131 -8.72412674 -7.08525869 -0.5004943475189546 0.0
0.0006212485318414184 0.49994507289784096 -8.7245045 -7.0828499 -0.5000217134221131 0.0
0.0006154230905307537 0.49896375262755754 -6.03797394 -7.29572138 -0.49994507289784096 0.0
0.0006096620561856897 0.4988545453502282 -9.15879185 -7.28869697 -0.49896375262755754 0.0
0.0006037011529775025 0.49871409635897235 -9.15752517 -7.26593337 -0.4988545453502282 0.0
0.0005978244135485494 0.4985183035877401 -9.15584889 -7.17700758 -0.49871409635897235 0.0
0.0005920699162758133 0.4981581740496729 -9.15133299 -7.26976134 -0.4985183035877401 0.0
0.0005863426281877721 0.4980584544940736 -9.15018219 -7.05974043 -0.4981581740496729 0.0
0.0005806691313639401 0.49770393151548137 -8.74837262 -7.14221646 -0.4980584544940736 0.0
0.0005750315182363056 0.49767028108004685 -8.74412843 -7.09537728 -0.49770393151548137 0.0
0.0005693925208663192 0.49751290366803624 -9.14436104 -7.24144027 -0.49767028108004685 0.0
0.0005638423174274299 0.49736043152353626 -9.14219828 -7.27243453 -0.49751290366803624 0.0
0.0005583210358340434 0.4972932440833884 -9.14215162 -7.20551823 -0.49736043152353626 0.0
0.0005528176292028483 0.49727170338158 -8.75093913 -7.12988594 -0.4972932440833884 0.0
0.0005473522116282023 0.4972639233465609 -9.14195752 -7.13907581 -0.49727170338158 0.0
0.0005419821425088201 0.4970899265424709 -9.13951963 -7.06162921 -0.4972639233465609 0.0
0.0005367387628176606 0.4968063792805459 -8.75657284 -7.14408835 -0.4970899265424709 0.0
0.0005315266192646106 0.49670568953342376 -9.13548531 -7.10766695 -0.4968063792805459 0.0
0.00052632473955806 0.4965754832476932 -9.13398428 -7.17595924 -0.49670568953342376 0.0
0.0005211785656658384 0.49645638391492497 -9.13175763 -7.25534778 -0.4965754832476932 0.0
0.000516086134919399 0.4963129026347981 -8.7726131 -7.24541505 -0.49645638391492497 0.0
0.0005111265149164356 0.4958688406039774 -8.77301845 -7.21211878 -0.4963129026347981 0.0
0.0005061908991673271 0.4958187389512627 -8.76056756 -7.09159552 -0.4958688406039774 0.0
0.0005012807494969968 0.49546330355601353 -8.78844727 -7.30067461 -0.4958187389512627 0.0
0.000496456158259741 0.49526034470817804 -8.76953751 -7.12621716 -0.49546330355601353 0.0
0.0004915986325670584 0.4952277956233634 -8.78915567 -7.28716328 -0.49526034470817804 0.0
0.0004867670727530303 0.49511344092767556 -8.77875447 -7.19544274 -0.4952277956233634 0.0
0.00048200435998940473 0.494992252318889 -8.76808398 -7.08526398 -0.49511344092767556 0.0
0.000477263579533133 0.4949812630193186 -8.77540619 -7.15422436 -0.494992252318889 0.0
0.000472546878023998 0.49495551304690977 -9.11401375 -7.18489076 -0.4949812630193186 0.0
0.00046789370116675865 0.49487224068488755 -8.79037189 -7.26725832 -0.49495551304690977 0.0
0.00046328973503454693 0.49483184977127637 -8.76895281 -7.0774754 -0.49487224068488755 0.0
0.00045881672044926754 0.49437524572570496 -9.10665077 -7.16390063 -0.49483184977127637 0.0
0.0004543837695678885 0.49434849627478344 -9.10485577 -7.24679902 -0.49437524572570496 0.0
0.0004499124469281358 0.4942528799976406 -9.10294897 -7.26799628 -0.49434849627478344 0.0
0.00044548417545369373 0.4942303844890944 -9.10268047 -7.26648426 -0.4942528799976406 0.0
0.00044110263494923546 0.49412051064841556 -8.80174737 -7.28715619 -0.4942303844890944 0.0
0.00043682526204508274 0.49381838972280767 -9.09929566 -7.14803335 -0.49412051064841556 0.0
0.0004326171664207324 0.49357996515002395 -9.09467926 -7.22248902 -0.49381838972280767 0.0
0.00042839898013133295 0.49351418844231576 -8.79513134 -7.18402525 -0.49357996515002395 0.0
0.00042419147021465663 0.4934193524703475 -9.09336674 -7.17488246 -0.49351418844231576 0.0
0.0004200122502502311 0.49341563625199547 -9.09001331 -7.29012629 -0.4934193524703475 0.0
0.00041591505800830394 0.4931243643351696 -9.0870299 -7.25317423 -0.49341563625199547 0.0
0.00041187887634365873 0.49301842666774087 -9.08848516 -7.05321434 -0.4931243643351696 0.0
0.0004078985191451365 0.49264553616124673 -9.08311809 -7.04919399 -0.49301842666774087 0.0
0.0004039576425764387 0.492534510329626 -8.79693392 -7.09809498 -0.49264553616124673 0.0
0.00040005606347494994 0.49215557003745425 -9.07514504 -7.13569318 -0.492534510329626 0.0
0.000396182764287407 0.49209194415965907 -9.07151151 -7.2303513 -0.49215557003745425 0.0
0.00039227914033024297 0.4920588110144386 -9.06958799 -7.26117584 -0.49209194415965907 0.0
0.00038844039537932237 0.4918591790655653 -8.80588981 -7.09973193 -0.4920588110144386 0.0
0.00038464007991973506 0.49182153151010294 -9.06999751 -7.12587069 -0.4918591790655653 0.0
0.00038085643523300795 0.4917296110792625 -9.06723919 -7.17965235 -0.49182153151010294 0.0
0.0003771378578550722 0.49154428106599735 -9.06475848 -7.15704515 -0.4917296110792625 0.0
0.00037350460962107783 0.49118986243633744 -9.0590758 -7.14144418 -0.49154428106599735 0.0
0.0003698765282858007 0.491165795254194 -9.05957774 -7.09611371 -0.49118986243633744 0.0
0.00036622321255567715 0.49114165019734135 -8.82085299 -7.13803461 -0.491165795254194 0.0
0.00036260637809272745 0.49111539322344233 -9.058343 -7.11685319 -0.49114165019734135 0.0
0.0003590238307964703 0.49109922982078014 -9.05400669 -7.22979927 -0.49111539322344233 0.0
0.000355514880363876 0.49085806879721183 -8.82601724 -7.14369918 -0.49109922982078014 0.0
0.00035204546645303234 0.490812099331695 -9.04383887 -7.29424709 -0.49085806879721183 0.0
0.0003485846703136379 0.49071576128592637 -8.85037426 -7.27855962 -0.490812099331695 0.0
0.00034517106706558813 0.49059347185996127 -9.04537446 -7.20762644 -0.49071576128592637 0.0
0.000341782272581579 0.4905475688830121 -8.82132153 -7.06774806 -0.49059347185996127 0.0
0.00033841608783587217 0.49048828442781056 -8.83290523 -7.14945871 -0.4905475688830121 0.0
0.0003350775263105056 0.4904753875688216 -8.82400684 -7.08060399 -0.49048828442781056 0.0
0.00033177296976368454 0.49040965953140736 -9.04637024 -7.07641025 -0.4904753875688216 0.0
0.0003284993970986755 0.49040653754670305 -9.04408387 -7.15613694 -0.49040965953140736 0.0
0.0003252491374036579 0.4903960724906874 -9.04648997 -7.04880433 -0.49040653754670305 0.0
0.00032203538201966767 0.4903659634998484 -9.04121624 -7.19909422 -0.4903960724906874 0.0
0.0003188708908182289 0.49024567752421266 -9.03282321 -7.2763395 -0.4903659634998484 0.0
0.0003157329198009463 0.49024454652287697 -9.03854992 -7.20125108 -0.49024567752421266 0.0
0.0003126088164759799 0.4902331046924686 -9.03253491 -7.27626678 -0.49024454652287697 0.0
0.0003095158711989752 0.4902303854892892 -9.04300678 -7.07435212 -0.4902331046924686 0.0
0.000306463119559923 0.4901563453539294 -9.03816023 -7.17459872 -0.4902303854892892 0.0
0.0003034446728106661 0.4901259700811531 -9.03279118 -7.24564114 -0.4901563453539294 0.0
0.00030044562913198835 0.49012067098699164 -8.85150578 -7.22274525 -0.4901259700811531 0.0
0.00029747384815203274 0.4901062827900038 -9.03958598 -7.11444486 -0.49012067098699164 0.0
0.00029456137010564095 0.4898979139092664 -9.03576633 -7.10052922 -0.4901062827900038 0.0
0.0002916790998773024 0.4898718982100271 -9.03595947 -7.07245703 -0.4898979139092664 0.0
0.0002888201480697698 0.4896973707725993 -8.85981387 -7.21949864 -0.4898718982100271 0.0
0.0002859957770750925 0.4896254784420728 -8.8703466 -7.26160118 -0.4896973707725993 0.0
0.000283178319715356 0.4895971900290913 -8.86678879 -7.24231978 -0.4896254784420728 0.0
0.00028038929033553624 0.4895205060440503 -9.01972018 -7.22609523 -0.4895971900290913 0.0
0.0002776245325946936 0.48951524998846974 -9.02333079 -7.18098787 -0.4895205060440503 0.0
0.0002748808440417679 0.489483623089353 -8.86660378 -7.22852038 -0.48951524998846974 0.0
0.0002721653522508491 0.48947041826562776 -8.87683916 -7.27200973 -0.489483623089353 0.0
0.00026947979819044206 0.48941569623165493 -9.02457857 -7.11832516 -0.48947041826562776 0.0
0.0002668291411940047 0.48933954579063044 -8.8860388 -7.29249106 -0.48941569623165493 0.0
0.00026419970448248955 0.4893215519395161 -8.87501423 -7.24768932 -0.48933954579063044 0.0
0.00026158728559139393 0.48931339927585304 -9.02323185 -7.09388085 -0.4893215519395161 0.0
0.0002590022134575592 0.4892837066196189 -9.01060258 -7.24868008 -0.48931339927585304 0.0
0.0002564428397590127 0.4892743673666452 -9.02196108 -7.1027611 -0.4892837066196189 0.0
0.0002539096744212457 0.4892374483816351 -9.02048753 -7.11574956 -0.4892743673666452 0.0
0.00025140443817559834 0.4892049884178268 -8.89240296 -7.29904106 -0.4892374483816351 0.0
0.0002489226894304376 0.4891779581981627 -9.01909112 -7.11475518 -0.4892049884178268 0.0
0.00024646508879753716 0.48914834311406075 -8.84530828 -7.05732973 -0.4891779581981627 0.0
0.00024403232927657282 0.4891165811348359 -9.01576954 -7.14537692 -0.48914834311406075 0.0
0.00024162158542528794 0.48910349686614013 -8.89039207 -7.28101124 -0.4891165811348359 0.0
0.00023923154279223107 0.4890977683424963 -8.87831364 -7.23529625 -0.48910349686614013 0.0
0.00023686598589458638 0.48907755605661085 -9.01895046 -7.05719042 -0.4890977683424963 0.0
0.00023452500764113362 0.4890616990936918 -9.01513775 -7.1331367 -0.48907755605661085 0.0
0.00023220982784951584 0.4890185573365201 -9.01008877 -7.18336179 -0.4890616990936918 0.0
0.00022991602324604836 0.48901557166619514 -9.00444712 -7.23234331 -0.4890185573365201 0.0
0.0002276414609257848 0.48900244469843035 -9.00744875 -7.20457684 -0.48901557166619514 0.0
0.0002253941799054611 0.48895705308585613 -9.01508407 -7.08307758 -0.48900244469843035 0.0
0.00022317942767916568 0.4888512327299832 -9.00808922 -7.15176263 -0.48895705308585613 0.0
0.00022098649710709673 0.4888053006571116 -8.85563661 -7.07677487 -0.4888512327299832 0.0
0.00021880481173401818 0.4887936481510594 -8.98323568 -7.29443463 -0.4888053006571116 0.0
0.00021664059112369292 0.4887853258512488 -8.9017093 -7.27821184 -0.4887936481510594 0.0
0.00021449870414622278 0.4887650290218821 -8.98707307 -7.27550277 -0.4887853258512488 0.0
0.0002123787893538499 0.4887492130872767 -9.01075345 -7.05885463 -0.4887650290218821 0.0
0.0002102778371888057 0.4887478313950596 -8.99866587 -7.20954579 -0.4887492130872767 0.0
0.00020819636394725543 0.48874454880953955 -8.98935986 -7.26194532 -0.4887478313950596 0.0
0.00020613572371365918 0.4887409436451083 -8.98602493 -7.27519218 -0.48874454880953955 0.0
0.00020409677133848345 0.48872499545796677 -8.90595387 -7.28203901 -0.4887409436451083 0.0
0.00020207830315985755 0.4887182598450499 -8.86239483 -7.10608125 -0.48872499545796677 0.0
0.00020007923563595596 0.4887079246144631 -8.86289159 -7.10746673 -0.4887182598450499 0.0
0.00019810260634108308 0.48867431031048736 -8.89573018 -7.24697547 -0.4887079246144631 0.0
0.0001961461266090877 0.4886576325698752 -8.89187848 -7.23224822 -0.48867431031048736 0.0
0.00019420632613915457 0.4886512378770632 -8.98968483 -7.24162239 -0.4886576325698752 0.0
0.00019228554233269865 0.48863629854396806 -8.86908757 -7.13157804 -0.4886512378770632 0.0
0.00019038517230782112 0.48861502442988114 -8.86176035 -7.08613346 -0.48863629854396806 0.0
0.00018850243389981078 0.4886122848266295 -9.00240908 -7.13534164 -0.48861502442988114 0.0
0.0001866368080984582 0.48860714890582707 -8.98354049 -7.25988052 -0.4886122848266295 0.0
0.0001847911322290848 0.48858832993900114 -8.98438039 -7.25293413 -0.48860714890582707 0.0
0.00018296338129417282 0.48858677047598664 -8.85935217 -7.06598101 -0.48858832993900114 0.0
0.00018115566392671732 0.48854636313430244 -8.99588235 -7.17774506 -0.48858677047598664 0.0
0.00017936683607680865 0.4885333304762355 -8.87621623 -7.15241102 -0.48854636313430244 0.0
0.0001775938312395737 0.48851365423041615 -8.96428381 -7.29371079 -0.4885333304762355 0.0
0.0001758375876979854 0.48850931690828336 -8.86593501 -7.09454579 -0.48851365423041615 0.0
0.00017409787839300076 0.48849921508176897 -9.00451082 -7.04679324 -0.48850931690828336 0.0
0.00017237670604048909 0.48847950974058435 -8.91816979 -7.27744698 -0.48849921508176897 0.0
0.0001706719673742711 0.4884762304880616 -8.98654192 -7.21993705 -0.48847950974058435 0.0
0.00016898258108232825 0.4884743592934902 -8.99651999 -7.15094243 -0.4884762304880616 0.0
0.00016731040709556594 0.4884652224902137 -8.96876839 -7.27790505 -0.4884743592934902 0.0
0.00016565529988725095 0.48845707663075666 -8.94946348 -7.29856457 -0.4884652224902137 0.0
0.0001640170061875537 0.48844256884051346 -8.92713176 -7.2859942 -0.48845707663075666 0.0
0.00016239425540803907 0.4884425443017185 -8.87664637 -7.1411925 -0.48844256884051346 0.0
0.000160787079667249 0.4884340087727388 -8.99052794 -7.18676614 -0.4884425443017185 0.0
0.00015919626292990543 0.48842829080968353 -8.94798282 -7.29485038 -0.4884340087727388 0.0
0.000157620858958761 0.48842390028574817 -8.90202017 -7.23332829 -0.48842829080968353 0.0
0.00015606111249016482 0.48841731950212997 -8.95046282 -7.29248614 -0.48842390028574817 0.0
0.0001545168401985894 0.48841241621775067 -9.0019601 -7.04913842 -0.48841731950212997 0.0
0.0001529876304671013 0.4884086916795473 -8.89665383 -7.21523947 -0.48841241621775067 0.0
0.00015147342992515375 0.4884054384453119 -8.88574293 -7.17570829 -0.4884086916795473 0.0
0.00014997431315258414 0.48840042148476626 -8.90618313 -7.2413126 -0.4884054384453119 0.0
0.00014848993879365327 0.48839843686652434 -8.88409248 -7.16797721 -0.48840042148476626 0.0
0.0001470216565060157 0.48837436915877674 -8.99367244 -7.14554743 -0.48839843686652434 0.0
0.00014556841252144967 0.4883652427157912 -8.96925049 -7.25985644 -0.48837436915877674 0.0
0.00014412846110680122 0.4883560521314765 -8.9495913 -7.28386994 -0.4883652427157912 0.0
0.00014270214359844173 0.4883554746600398 -8.96973097 -7.25699677 -0.4883560521314765 0.0
0.00014128956199815665 0.4883516510890197 -8.90618971 -7.23477475 -0.4883554746600398 0.0
0.0001398910982918643 0.48834914332092694 -8.90747614 -7.23765272 -0.4883516510890197 0.0
0.00013850686441361913 0.48833971663476505 -8.89506731 -7.20059056 -0.48834914332092694 0.0
0.00013713647213788637 0.48833510151287507 -8.88885482 -7.17782373 -0.48833971663476505 0.0
0.00013577932127653415 0.4883303485960979 -8.98647799 -7.18611262 -0.48833510151287507 0.0
0.00013443560183511248 0.48832572489423154 -8.86296514 -7.04447726 -0.4883303485960979 0.0
0.0001331060500699048 0.48830790332079 -8.99116284 -7.14668245 -0.48832572489423154 0.0
0.00013178999662688385 0.48829797988812174 -8.91627045 -7.24979914 -0.48830790332079 0.0
0.00013048647320427592 0.4882875481728559 -8.95059155 -7.27311331 -0.48829797988812174 0.0
0.00012919524535370805 0.48828687371432483 -8.91791327 -7.25128428 -0.4882875481728559 0.0
0.00012791625199804605 0.4882849294363336 -8.94830829 -7.27374927 -0.48828687371432483 0.0
0.0001266499974686612 0.48828303612424995 -8.88582554 -7.15826062 -0.4882849294363336 0.0
0.0001253973024856122 0.48826474735744096 -8.98186435 -7.19563846 -0.48828303612424995 0.0
0.00012415692044391282 0.4882641017080749 -8.9287598 -7.26351556 -0.48826474735744096 0.0
0.00012292773336242355 0.4882632935182496 -8.98272444 -7.19086668 -0.4882641017080749 0.0
0.00012171180615333753 0.4882447270501348 -8.95596423 -7.2620637 -0.4882632935182496 0.0
0.00012050877548099484 0.48822949126254966 -8.92705267 -7.25673878 -0.4882447270501348 0.0
0.00011931663984539074 0.48822762021486243 -8.95624356 -7.2589782 -0.48822949126254966 0.0
0.00011813579886199327 0.4882208251877033 -8.92276867 -7.24992231 -0.48822762021486243 0.0
0.00011696842476892462 0.4881885106931516 -8.9369 -7.25880917 -0.4882208251877033 0.0
0.00011581238628134888 0.4881851681844237 -8.97473649 -7.20901445 -0.4881885106931516 0.0
0.000114666582902479 0.48817361686009586 -8.97830196 -7.19162524 -0.4881851681844237 0.0
0.00011353200544560298 0.4881722159006654 -8.91208837 -7.2237295 -0.48817361686009586 0.0
0.0001124080211459991 0.4881719272600235 -8.98938997 -7.11796473 -0.4881722159006654 0.0
0.00011129524786977926 0.4881690274766296 -8.93559513 -7.25527967 -0.4881719272600235 0.0
0.00011019377837578677 0.4881635120134976 -8.98437955 -7.15530247 -0.4881690274766296 0.0
0.00010910327833930298 0.4881593582228767 -8.87003312 -7.05938401 -0.4881635120134976 0.0
0.00010802354734743333 0.48815426425618835 -8.91856421 -7.23376508 -0.4881593582228767 0.0
0.00010695445445676033 0.48815099609873414 -8.88855512 -7.14926585 -0.48815426425618835 0.0
0.0001058973320597504 0.48811965336334684 -8.90120579 -7.18823649 -0.48815099609873414 0.0
0.00010485048679832088 0.4881196524091313 -8.87300912 -7.06974499 -0.48811965336334684 0.0
0.00010381269089072023 0.4881133396060704 -8.93347655 -7.24569345 -0.4881196524091313 0.0
0.00010278606594639526 0.48809584598777994 -8.93728965 -7.24500491 -0.4881133396060704 0.0
0.00010176956859390246 0.4880900226331725 -8.98571801 -7.12301719 -0.48809584598777994 0.0
0.00010076297471160487 0.48807548907155907 -8.9503877 -7.23942592 -0.4880900226331725 0.0
9.97667716604485e-05 0.48806095134372174 -8.8793943 -7.09366531 -0.48807548907155907 0.0
9.878005860108462e-05 0.4880536877707998 -8.94955612 -7.23639086 -0.48806095134372174 0.0
9.780270864524509e-05 0.4880472415233403 -8.8817919 -7.10303952 -0.4880536877707998 0.0
9.683502996165814e-05 0.48803995372209275 -8.95651754 -7.22655245 -0.4880472415233403 0.0
9.587701395744663e-05 0.48803166591524894 -8.94506175 -7.23505874 -0.48803995372209275 0.0
9.492825624516306e-05 0.4880290053321059 -8.91798925 -7.21429692 -0.48803166591524894 0.0
9.398851057011308e-05 0.4880287283150585 -8.94682569 -7.23385711 -0.4880290053321059 0.0
9.305837692778871e-05 0.4880194270366891 -8.96205301 -7.21271889 -0.4880287283150585 0.0
9.213777006036738e-05 0.48801216171659045 -8.94417886 -7.23210955 -0.4880194270366891 0.0
9.122584725124419e-05 0.48801214091753253 -8.96429213 -7.20600103 -0.48801216171659045 0.0
9.032360463000399e-05 0.4879903824888381 -8.89637675 -7.1529874 -0.48801214091753253 0.0
8.943069596754411e-05 0.48798117911553657 -8.9418971 -7.22741391 -0.4879903824888381 0.0
8.854717571461166e-05 0.48794674041294694 -8.97635949 -7.14438985 -0.48798117911553657 0.0
8.767291409353353e-05 0.4879254462575269 -8.97662455 -7.13688182 -0.48794674041294694 0.0
8.680613160832374e-05 0.4879175677579959 -8.96617173 -7.18074199 -0.4879254462575269 0.0
8.594766758768034e-05 0.48790211501605085 -8.93327903 -7.21238814 -0.4879175677579959 0.0
8.509754262108756e-05 0.48789777762761277 -8.89857151 -7.14533404 -0.48790211501605085 0.0
8.425521877372652e-05 0.4878967484625215 -8.95199708 -7.20640318 -0.48789777762761277 0.0
8.342143967825101e-05 0.4878874447535625 -8.95238182 -7.20419151 -0.4878967484625215 0.0
8.259622135385906e-05 0.487878914055047 -8.98401084 -7.05772298 -0.4878874447535625 0.0
8.1779516712393e-05 0.4878610388019725 -8.89840938 -7.1386779 -0.487878914055047 0.0
8.097075933663199e-05 0.4878556755939885 -8.94919685 -7.20179438 -0.4878610388019725 0.0
8.016931039904345e-05 0.4878550078267853 -8.90563798 -7.15952506 -0.4878556755939885 0.0
7.93758823050432e-05 0.48784742486077026 -8.9479317 -7.2014037 -0.4878550078267853 0.0
7.85905602808302e-05 0.4878403037000283 -8.97550884 -7.11846165 -0.48784742486077026 0.0
7.781319870679013e-05 0.48782781924360374 -8.90310513 -7.14783233 -0.4878403037000283 0.0
7.70434376052266e-05 0.4878229988500272 -8.97193381 -7.13393973 -0.48782781924360374 0.0
7.628106438753838e-05 0.4878164639673752 -8.945634 -7.19739413 -0.4878229988500272 0.0
7.552607442470365e-05 0.487815899281134 -8.97265643 -7.12807898 -0.4878164639673752 0.0
7.477840272446855e-05 0.48781348944830705 -8.9264844 -7.19215386 -0.487815899281134 0.0
7.403824825393935e-05 0.487809800953775 -8.88005077 -7.05044713 -0.48781348944830705 0.0
7.330553205876104e-05 0.487804328656707 -8.96226656 -7.16723539 -0.487809800953775 0.0
7.25806329392829e-05 0.48778504972029135 -8.87990416 -7.04462824 -0.487804328656707 0.0
7.186288645537031e-05 0.48778001422505274 -8.96930261 -7.13505303 -0.48778504972029135 0.0
7.115157384343991e-05 0.4877793965535106 -8.89756008 -7.12174021 -0.48778001422505274 0.0
7.044751922631109e-05 0.4877681923424039 -8.97855766 -7.06891483 -0.4877793965535106 0.0
6.975060877018434e-05 0.4877624866642087 -8.93467827 -7.18919409 -0.4877681923424039 0.0
6.906034769087947e-05 0.4877583745958364 -8.92623531 -7.18250759 -0.4877624866642087 0.0
6.837723877012113e-05 0.4877432726881655 -8.96160469 -7.15505815 -0.4877583745958364 0.0
6.770083673194968e-05 0.48774063979517257 -8.88697873 -7.07181662 -0.4877432726881655 0.0
6.703070035146703e-05 0.4877382321942809 -8.92407021 -7.1765352 -0.48774063979517257 0.0
6.636731101552967e-05 0.4877321728283425 -8.91283674 -7.15641874 -0.4877382321942809 0.0
6.571091328956379e-05 0.48771679388531614 -8.97627295 -7.06932096 -0.4877321728283425 0.0
6.50609874820656e-05 0.48771135237624763 -8.96625695 -7.13009011 -0.48771679388531614 0.0
6.44172372104307e-05 0.48770381840198124 -8.9039224 -7.12875076 -0.48771135237624763 0.0
6.377980301871985e-05 0.48770005608948475 -8.92605331 -7.17209904 -0.48770381840198124 0.0
6.314867586698759e-05 0.48769254192982503 -8.97243562 -7.09063686 -0.48770005608948475 0.0
6.252377457987776e-05 0.4876894000256573 -8.9382843 -7.17634512 -0.48769254192982503 0.0
6.19048391924093e-05 0.4876889271631294 -8.88885353 -7.07029419 -0.4876894000256573 0.0
6.129200653459786e-05 0.4876865760967718 -8.95984138 -7.14679213 -0.4876889271631294 0.0
6.0685509985441477e-05 0.48767722746386244 -8.91533307 -7.15192321 -0.4876865760967718 0.0
6.008536675498648e-05 0.48766316253070224 -8.91324769 -7.14514305 -0.48767722746386244 0.0
5.949089215656318e-05 0.4876627705975515 -8.95855341 -7.14475639 -0.48766316253070224 0.0
5.890197384500418e-05 0.4876597527066293 -8.97638417 -7.04299903 -0.4876627705975515 0.0
5.831937472437795e-05 0.48764258039090325 -8.94868721 -7.16012044 -0.4876597527066293 0.0
5.7743036668337596e-05 0.48762229347225794 -8.96494588 -7.11085009 -0.48764258039090325 0.0
5.7171904894633934e-05 0.48762223940224975 -8.93630713 -7.16350711 -0.48762229347225794 0.0
5.66058529618667e-05 0.48762206269978564 -8.96389158 -7.11548297 -0.48762223940224975 0.0
5.6045484271909475e-05 0.487619195454184 -8.92776828 -7.15898883 -0.48762206269978564 0.0
5.5490691449000926e-05 0.48761799130976435 -8.90843355 -7.1255727 -0.487619195454184 0.0
5.4941327613118154e-05 0.4876174135252569 -8.97310239 -7.05674199 -0.48761799130976435 0.0
5.439740782809079e-05 0.4876160149026414 -8.93604548 -7.16228027 -0.4876174135252569 0.0
5.3858960390861434e-05 0.48761218657004984 -8.96717953 -7.09647095 -0.4876160149026414 0.0
5.332583391748185e-05 0.4876111181974745 -8.97212116 -7.06262754 -0.48761218657004984 0.0
5.279808269753519e-05 0.4876035751280597 -8.93885781 -7.15959269 -0.4876111181974745 0.0
5.2275562466086954e-05 0.4876022014702382 -8.92374284 -7.15163608 -0.4876035751280597 0.0
5.175809656341949e-05 0.48759917296433347 -8.9007863 -7.09950905 -0.4876022014702382 0.0
5.124609619847919e-05 0.487584403534314 -8.95589439 -7.132849 -0.48759917296433347 0.0
5.0739114218631606e-05 0.48758320444677383 -8.92223762 -7.14614203 -0.487584403534314 0.0
5.0236780775895466e-05 0.4875830489572516 -8.95756527 -7.1278079 -0.48758320444677383 0.0
4.973946605872584e-05 0.4875800217867636 -8.94546734 -7.15054648 -0.4875830489572516 0.0
4.9247130366307435e-05 0.4875775961009627 -8.91838275 -7.13924531 -0.4875800217867636 0.0
4.87596425700403e-05 0.4875756101865512 -8.90510039 -7.10842109 -0.4875775961009627 0.0
4.827694353728232e-05 0.4875747083610442 -8.96080358 -7.1146571 -0.4875756101865512 0.0
4.779902611243533e-05 0.4875725927544231 -8.913523 -7.12903687 -0.4875747083610442 0.0
4.73259233449646e-05 0.48756816154848426 -8.96793982 -7.077069 -0.4875725927544231 0.0
4.685755449240867e-05 0.48756385792544066 -8.97035644 -7.05790945 -0.48756816154848426 0.0
4.639374047711307e-05 0.48756289497333083 -8.91543615 -7.13109855 -0.48756385792544066 0.0
4.5934421891692606e-05 0.48756275288435746 -8.96523182 -7.09114396 -0.48756289497333083 0.0
4.547970782887161e-05 0.487559280458545 -8.92719298 -7.14707083 -0.48756275288435746 0.0
4.50295454850581e-05 0.4875568992461111 -8.96601376 -7.0849029 -0.487559280458545 0.0
4.4583778394320364e-05 0.48755614060101826 -8.96156328 -7.10636691 -0.4875568992461111 0.0
4.414242776395298e-05 0.48755359548043387 -8.96461252 -7.09144881 -0.48755614060101826 0.0
4.370548736637847e-05 0.4875509539384896 -8.95500707 -7.12681811 -0.48755359548043387 0.0
4.327299242857995e-05 0.48754284234400136 -8.95585601 -7.12242745 -0.4875509539384896 0.0
4.2845040294938e-05 0.48752792499766173 -8.95702305 -7.11498822 -0.48754284234400136 0.0
4.2421166770124836e-05 0.4875270578919777 -8.9562517 -7.11713556 -0.48752792499766173 0.0
4.2001198726358625e-05 0.4875258532266966 -8.90843727 -7.10797183 -0.4875270578919777 0.0
4.158549324638294e-05 0.4875199413309763 -8.92956384 -7.14107809 -0.4875258532266966 0.0
4.1173888252406795e-05 0.4875194140334991 -8.96737691 -7.06281538 -0.4875199413309763 0.0
4.076623946250969e-05 0.4875192804885021 -8.94123378 -7.14101221 -0.4875194140334991 0.0
4.036269432996124e-05 0.4875154003891974 -8.90561419 -7.09810057 -0.4875192804885021 0.0
3.996318303094446e-05 0.487513308084104 -8.95340667 -7.12135736 -0.4875154003891974 0.0
3.9567560685436165e-05 0.4875127348692444 -8.95003732 -7.12858398 -0.487513308084104 0.0
3.9175944857921406e-05 0.48750604857243673 -8.95400188 -7.11796002 -0.4875127348692444 0.0
3.878823351865152e-05 0.487504005239747 -8.91911616 -7.12623981 -0.48750604857243673 0.0
3.840432583880226e-05 0.4874990578852561 -8.90268796 -7.08582597 -0.487504005239747 0.0
3.802427753238609e-05 0.4874938778179131 -8.89704554 -7.06476141 -0.4874990578852561 0.0
3.7648040850074316e-05 0.487486238430221 -8.89891896 -7.07019349 -0.4874938778179131 0.0
3.727544089773399e-05 0.4874856725254284 -8.92065646 -7.1249508 -0.487486238430221 0.0
3.727559714696203e-05 0.4874778549685864 -8.93397908 -7.13403991 -0.4874856725254284 0.0
3.7275877410777454e-05 0.48747063519113604 -8.95998096 -7.08729099 -0.4874778549685864 0.0
3.72760785726832e-05 0.4874670618467508 -8.93909604 -7.13077424 -0.48747063519113604 0.0
3.727622050926886e-05 0.48746301978174267 -8.96173063 -7.0765051 -0.4874670618467508 0.0
3.727631557398318e-05 0.48746196129398317 -8.93982218 -7.12924422 -0.48746301978174267 0.0
3.7276337441191634e-05 0.4874618465323708 -8.94649472 -7.12232231 -0.48746196129398317 0.0
3.727642000846561e-05 0.4874575312934535 -8.91306175 -7.10540595 -0.4874618465323708 0.0
3.7276558956931474e-05 0.487454391511444 -8.94468973 -7.1230348 -0.4874575312934535 0.0
3.727666998023911e-05 0.4874515745658774 -8.94128231 -7.12587499 -0.487454391511444 0.0
3.7276748855756654e-05 0.48745015961743154 -8.9588962 -7.08554834 -0.4874515745658774 0.0
3.727678961840117e-05 0.4874493875385965 -8.91075998 -7.0984153 -0.48745015961743154 0.0
3.727689316013584e-05 0.48744460433840614 -8.95960127 -7.08068276 -0.4874493875385965 0.0
3.7277041743445156e-05 0.48744141567939564 -8.91227645 -7.10033117 -0.48744460433840614 0.0
3.72771953540773e-05 0.487436362791339 -8.89527658 -7.04497746 -0.48744141567939564 0.0
3.727732548067015e-05 0.4874344341206235 -8.93520086 -7.1246621 -0.487436362791339 0.0
3.7277365845477186e-05 0.48743419714218283 -8.9237318 -7.11840067 -0.4874344341206235 0.0
3.727744757959673e-05 0.4874300489423251 -8.92396651 -7.11779394 -0.48743419714218283 0.0
3.7277541688562965e-05 0.4874291480344569 -8.95617618 -7.08977779 -0.4874300489423251 0.0
3.7277641908282085e-05 0.4874246720053793 -8.93014377 -7.12154772 -0.4874291480344569 0.0
3.7277742535971047e-05 0.48742374921427334 -8.95464831 -7.09343557 -0.4874246720053793 0.0
3.727777570101578e-05 0.4874228926579073 -8.96159666 -7.06319674 -0.48742374921427334 0.0
3.7277801146380677e-05 0.487422384038415 -8.94139972 -7.1189823 -0.4874228926579073 0.0
3.7277854760922485e-05 0.48742001617497366 -8.95864909 -7.07696172 -0.487422384038415 0.0
3.7277909586979123e-05 0.4874194425580419 -8.93228682 -7.12115108 -0.48742001617497366 0.0
3.727797304143304e-05 0.4874166117798451 -8.95026921 -7.10362753 -0.4874194425580419 0.0
3.7278092554915674e-05 0.48741303055347895 -8.9349556 -7.11991159 -0.4874166117798451 0.0
3.7278193381286093e-05 0.4874112023680563 -8.92307732 -7.11278088 -0.48741303055347895 0.0
3.727823699386875e-05 0.48741069070973675 -8.91314389 -7.09583212 -0.4874112023680563 0.0
3.7278275751030555e-05 0.4874091230244888 -8.91705802 -7.10332588 -0.48741069070973675 0.0
3.727831088140807e-05 0.48740880594591324 -8.95338442 -7.09309001 -0.4874091230244888 0.0
3.727833146974991e-05 0.48740801845016213 -8.9570364 -7.07995564 -0.48740880594591324 0.0
3.727835396514535e-05 0.48740759905762876 -8.92742748 -7.11621718 -0.48740801845016213 0.0
3.727837180906441e-05 0.4874070611164312 -8.92842212 -7.11678311 -0.48740759905762876 0.0
3.727843884288313e-05 0.4874040026709455 -8.89772994 -7.04759671 -0.4874070611164312 0.0
3.7278564221584274e-05 0.48740033452202713 -8.91265863 -7.09254806 -0.4874040026709455 0.0
3.7278688170336374e-05 0.48739735281359753 -8.94352566 -7.11066006 -0.48740033452202713 0.0
3.727875167671901e-05 0.4873969274081631 -8.89894185 -7.05067355 -0.48739735281359753 0.0
3.7278786447852944e-05 0.487395487348171 -8.9220897 -7.10819361 -0.4873969274081631 0.0
3.727883438865663e-05 0.48739435539440096 -8.94406696 -7.10920658 -0.487395487348171 0.0
3.7278857900754435e-05 0.4873942259302151 -8.9521236 -7.09261799 -0.48739435539440096 0.0
3.7278964399635194e-05 0.48738864177594604 -8.92826773 -7.11265091 -0.4873942259302151 0.0
3.7279100219972756e-05 0.4873869392352178 -8.9588804 -7.0646862 -0.48738864177594604 0.0
3.727916125246951e-05 0.4873853674240137 -8.94175069 -7.10973797 -0.4873869392352178 0.0
3.727929884731328e-05 0.48737955739286865 -8.950944 -7.09168667 -0.4873853674240137 0.0
3.727940834050377e-05 0.48737949321556995 -8.95324838 -7.08488715 -0.48737955739286865 0.0
3.7279572862219616e-05 0.48737073101913886 -8.92914247 -7.10916442 -0.48737949321556995 0.0
3.7279756883774385e-05 0.4873696207068643 -8.94235264 -7.1051651 -0.48737073101913886 0.0
3.727980611051793e-05 0.4873680900842756 -8.91960621 -7.09874677 -0.4873696207068643 0.0
3.727989083690734e-05 0.4873650752829418 -8.93182379 -7.10884969 -0.4873680900842756 0.0
3.7280019316743696e-05 0.4873611973823515 -8.95688829 -7.06514865 -0.4873650752829418 0.0
3.7280099656170755e-05 0.487360765231003 -8.95872417 -7.0561032 -0.4873611973823515 0.0
3.72801326803614e-05 0.487359425704197 -8.94880045 -7.09136286 -0.487360765231003 0.0
3.728017058593268e-05 0.48735873167836363 -8.93586244 -7.10719376 -0.487359425704197 0.0
3.7280316450007016e-05 0.48735160044193193 -8.90849133 -7.07152117 -0.48735873167836363 0.0
3.728048993831202e-05 0.4873494244550316 -8.95817119 -7.05480798 -0.48735160044193193 0.0
3.728056765509722e-05 0.4873474311453949 -8.93476983 -7.1047689 -0.4873494244550316 0.0
3.728060512659834e-05 0.4873474142120199 -8.93807267 -7.103458 -0.4873474311453949 0.0
3.728064750940495e-05 0.48734515742914286 -8.94464398 -7.09565518 -0.4873474142120199 0.0
3.728081706308238e-05 0.4873383181738291 -8.91101106 -7.07505404 -0.48734515742914286 0.0
3.728098471325228e-05 0.48733616352807585 -8.93383392 -7.10220748 -0.4873383181738291 0.0
3.7281089685744756e-05 0.48733268676093733 -8.94775468 -7.08620983 -0.48733616352807585 0.0
3.728127810978141e-05 0.48732605527136047 -8.91596744 -7.08311428 -0.48733268676093733 0.0
3.728151958474033e-05 0.4873197325807962 -8.94933802 -7.07852291 -0.48732605527136047 0.0
3.728170829612322e-05 0.4873159317020911 -8.95479045 -7.05869394 -0.4873197325807962 0.0
3.728179401157758e-05 0.4873151343247043 -8.90477229 -7.05211988 -0.4873159317020911 0.0
3.728181696851926e-05 0.4873147001660694 -8.902297 -7.04371293 -0.4873151343247043 0.0
3.728185887731164e-05 0.48731288611052237 -8.94408675 -7.08784757 -0.4873147001660694 0.0
3.728216155087733e-05 0.4872984632406192 -6.02635126 -7.29433515 -0.48731288611052237 0.0
3.7282463371709756e-05 0.48729669495879435 -8.91668755 -7.07772546 -0.4872984632406192 0.0
3.728250861762612e-05 0.4872960360457745 -8.90315937 -7.04219387 -0.48729669495879435 0.0
3.728266263207432e-05 0.48728843296850277 -8.90974642 -7.06029766 -0.4872960360457745 0.0
3.7282812434110295e-05 0.4872880000315644 -8.91876396 -7.07927434 -0.48728843296850277 0.0
3.7283285125818526e-05 0.4872630762002451 -8.94817451 -7.06424107 -0.4872880000315644 0.0
3.7283870431006774e-05 0.4872566024069921 -8.94803704 -7.06256069 -0.4872630762002451 0.0
3.728403639090324e-05 0.48725417370743973 -8.94918555 -7.05836777 -0.4872566024069921 0.0
3.728456142566011e-05 0.48722843871805477 -8.93834872 -7.07205887 -0.48725417370743973 0.0
3.728504618168003e-05 0.48722817066834634 -8.94650635 -7.05756827 -0.48722843871805477 0.0
3.728512574188104e-05 0.48722417105308957 -8.94843703 -7.05063838 -0.48722817066834634 0.0
3.728538126483954e-05 0.4872144643061841 -8.90962998 -7.0417641 -0.48722417105308957 0.0
3.7285695404031694e-05 0.4872073205846745 -8.94819871 -7.04556862 -0.4872144643061841 0.0
3.728604201583538e-05 0.48719587219917515 -8.91250139 -7.04426442 -0.4872073205846745 0.0
3.7286294926284514e-05 0.48719375464049797 -8.91470821 -7.04862938 -0.48719587219917515 0.0
3.7286397666719895e-05 0.4871903613131877 -8.92074142 -7.05810414 -0.48719375464049797 0.0
3.728650403787302e-05 0.4871880490192864 -8.91998377 -7.05644959 -0.4871903613131877 0.0
3.7286602023880287e-05 0.4871851054778408 -8.91661185 -7.05013682 -0.4871880490192864 0.0
3.728670701226552e-05 0.4871824176000489 -8.93544295 -7.06141997 -0.4871851054778408 0.0
3.72868224725615e-05 0.48717891238099775 -8.93817363 -7.05785506 -0.4871824176000489 0.0
3.728719848745771e-05 0.48716224898612703 -8.91832345 -7.0470847 -0.48717891238099775 0.0
3.7287612694506496e-05 0.4871566953244628 -8.94159488 -7.04554593 -0.48716224898612703 0.0
3.7287770368726835e-05 0.48715379180798035 -8.92610909 -7.05359316 -0.4871566953244628 0.0
3.728790568927089e-05 0.48714943716727543 -8.93337711 -7.05299237 -0.48715379180798035 0.0
3.72883578585958e-05 0.4871295391813985 -8.93843657 -7.04206494 -0.48714943716727543 0.0
3.7288828933114816e-05 0.48712417066149855 -8.93712012 -7.04209448 -0.4871295391813985 0.0
3.728923707362089e-05 0.48710764859665323 -8.92857219 -7.04128468 -0.48712417066149855 0.0
3.7405029900860046e-05 0.48093280275968237 -6.0258278 -7.29936302 -0.48710764859665323 0.0
3.7633938892593416e-05 0.47490502257725753 -6.01849462 -7.29747677 -0.48093280275968237 0.0
3.789758597280093e-05 0.4669771479611394 -6.01330433 -7.29944879 -0.47490502257725753 0.0
3.813553167249812e-05 0.46237655725437116 -6.00161962 -7.29211912 -0.4669771479611394 0.0
3.823462445225649e-05 0.46178181106943833 -6.00104339 -7.29209325 -0.46237655725437116 0.0
