7.808008172829103e-09 13.359848243709925 -6.0208339 4.7900193 -0.7328686514742017 0.0
1.6810264531990306e-08 13.199021704154285 -6.07948976 4.9982595 -13.359848243709925 0.0
1.6039734464929227e-07 10.375121425138845 -6.32785404 4.65495293 -13.199021704154285 0.0
1.324642558398822e-06 8.316350157639423 -6.31043244 2.77569731 -10.375121425138845 0.0
3.312440310352815e-06 7.702281940955898 -6.11759946 1.92802832 -8.316350157639423 0.0
6.6786392592699495e-06 6.942235969664864 -6.49620113 2.80824428 -7.702281940955898 0.0
9.285941662835317e-06 6.883013621259906 -6.60346757 4.39714326 -6.942235969664864 0.0
1.0524340630670654e-05 6.681241180466068 -6.49719671 2.56575721 -6.883013621259906 0.0
1.309446196102292e-05 6.431506349942334 -6.63936499 4.34792898 -6.681241180466068 0.0
1.786343735575509e-05 6.059124358913474 -6.10880694 1.28052915 -6.431506349942334 0.0
2.14944554773554e-05 6.007719611362098 -6.40747062 1.69018036 -6.059124358913474 0.0
2.280241546947087e-05 5.92224612178125 -6.69385074 4.86374358 -6.007719611362098 0.0
3.16640798363759e-05 5.397439682564578 -6.50886815 1.62785507 -5.92224612178125 0.0
4.9711639899554025e-05 4.9761918403396415 -6.7636282 3.97850991 -5.397439682564578 0.0
6.444138639802007e-05 4.820519216514437 -6.73154083 2.61374706 -4.9761918403396415 0.0
8.183064808618409e-05 4.498293136363204 -6.6330247 1.45154656 -4.820519216514437 0.0
9.575894332011558e-05 4.4607604603149005 -6.82909992 4.7599565 -4.498293136363204 0.0
0.00010459159055004878 4.307452180546557 -6.8462749 4.74150859 -4.4607604603149005 0.0
0.00011355126842898693 4.270940372203873 -6.83351181 3.58469346 -4.307452180546557 0.0
0.00014031111285268212 3.898484899227879 -6.89297975 4.30796936 -4.270940372203873 0.0
0.0001782652206531894 3.743719197755168 -6.73522773 1.2535597 -3.898484899227879 0.0
0.00020816203974503112 3.5700446182125254 -6.9150211 2.94301824 -3.743719197755168 0.0
0.00028579510252400267 3.1303245876323156 -7.02477555 4.30020902 -3.5700446182125254 0.0
0.0003693063523137382 2.9941214717531737 -6.90239224 1.26275828 -3.1303245876323156 0.0
0.00039094177052911405 2.9919266849787016 -7.05870508 4.41787942 -2.9941214717531737 0.0
0.00038896331359280443 2.9843810295223068 -7.0446048 3.6049486 -2.9919266849787016 0.0
0.00041371742138388766 2.852932081008765 -7.00990763 1.95081177 -2.9843810295223068 0.0
0.0004438247655417226 2.8199425750545704 -6.58637632 0.54544527 -2.852932081008765 0.0
0.0005215767080801781 2.5307429185854704 -6.76827295 0.58114573 -2.8199425750545704 0.0
0.000649151045572933 2.3497642888947516 -6.88504352 0.63444129 -2.5307429185854704 0.0
0.0007021400797996104 2.3457341466826707 -7.21836084 3.15592507 -2.3497642888947516 0.0
0.0007140302743922676 2.296871527094643 -7.19167371 2.15402729 -2.3457341466826707 0.0
0.0008222168167263205 2.0573836059450192 -7.29489912 2.35979481 -2.296871527094643 0.0
0.0009438577441776234 1.9879294475788456 -7.34424908 3.00574694 -2.0573836059450192 0.0
0.0009700000004145858 1.9816458636426133 -7.37292778 4.78243165 -1.9879294475788456 0.0
0.0010313518887402563 1.849708317165234 -6.1180619 0.23602895 -1.9816458636426133 0.0
0.0011199085061817159 1.7934349714894593 -7.3652728 1.64421798 -1.849708317165234 0.0
0.0011524782990399085 1.7717977769320012 -7.45144558 4.35953595 -1.7934349714894593 0.0
0.0012092995453399855 1.6793020955763969 -7.47785699 3.22746952 -1.7717977769320012 0.0
0.001258794889382994 1.6695557174597566 -7.49534893 4.38719531 -1.6793020955763969 0.0
0.0012679693095693219 1.6450047188426369 -7.50380473 4.09091805 -1.6695557174597566 0.0
0.0013056152357778755 1.5916992112367054 -7.46777519 1.67067798 -1.6450047188426369 0.0
0.0013406101080659016 1.571593945365962 -7.33731327 0.77795772 -1.5916992112367054 0.0
0.0013412307730319279 1.5707719349712206 -7.05566223 0.38510565 -1.571593945365962 0.0
0.001378044650870267 1.4988309231439456 -6.89823002 0.27611644 -1.5707719349712206 0.0
0.0014336817018320502 1.4706163290026932 -7.58737429 4.18554847 -1.4988309231439456 0.0
0.0015241956839276878 1.3593807980524888 -7.64803178 4.62070546 -1.4706163290026932 0.0
0.0016331416074185142 1.3101523716641588 -7.54096174 0.86075748 -1.3593807980524888 0.0
0.0016722739216058942 1.291602751669254 -7.55951157 0.88449156 -1.3101523716641588 0.0
0.0016991264801246866 1.2585784206571298 -7.57120414 0.82633229 -1.291602751669254 0.0
0.0017250670243783152 1.241201696115921 -6.91670526 0.20807161 -1.2585784206571298 0.0
0.0017629733446569832 1.195649225215274 -7.73266247 2.89457515 -1.241201696115921 0.0
0.0017912568863391878 1.188961980954998 -7.72380941 2.13764617 -1.195649225215274 0.0
0.0017796829785491246 1.1887019967823498 -7.70779764 1.65676369 -1.188961980954998 0.0
0.0017898207038636457 1.1579375007873687 -7.73781706 1.87823351 -1.1887019967823498 0.0
0.0018125716147167523 1.1433555504260307 -7.21046841 0.25997132 -1.1579375007873687 0.0
0.0018428784917507428 1.1051836753663216 -7.78069471 2.04761622 -1.1433555504260307 0.0
0.0018740060737932043 1.0896515926545136 -7.76741532 1.3935368 -1.1051836753663216 0.0
0.0018781275745913067 1.0808483079104707 -7.80093183 2.13607068 -1.0896515926545136 0.0
0.0018765356958510846 1.0714495358826686 -7.82146254 3.13718107 -1.0808483079104707 0.0
0.001884270189631859 1.0527862074574836 -7.83963295 3.83191305 -1.0714495358826686 0.0
0.0018893862576900902 1.0460502062364427 -7.82393053 1.96559266 -1.0527862074574836 0.0
0.0019651084777577285 0.9562966445643607 -7.91667662 3.68015282 -1.0460502062364427 0.0
0.0020964274282134986 0.8956802944096389 -7.96760035 2.88748079 -0.9562966445643607 0.0
0.0021390289301524883 0.8952430182856376 -7.96717187 2.77586319 -0.8956802944096389 0.0
0.00212286302769194 0.8909567633562728 -7.97554365 3.51598042 -0.8952430182856376 0.0
0.002117829359225637 0.8801151194824999 -7.34235484 0.18424421 -0.8909567633562728 0.0
0.0021101343076773255 0.8783076903948847 -7.99006349 4.33359889 -0.8801151194824999 0.0
0.0020915280140309735 0.8779270619957003 -7.98560142 2.98278629 -0.8783076903948847 0.0
0.0020738384845117746 0.8753959452772826 -7.97489823 1.87570568 -0.8779270619957003 0.0
0.002067198405424538 0.8644685847422069 -7.67859299 0.29230475 -0.8753959452772826 0.0
0.0020795728840642207 0.8436373843015452 -8.02345864 3.6017586 -0.8644685847422069 0.0
0.0020968763594946325 0.8279484530917518 -7.8578712 0.42260435 -0.8436373843015452 0.0
0.0021131614039507684 0.808299046124937 -8.06412715 4.99211226 -0.8279484530917518 0.0
0.0021142419910955604 0.8069292777268929 -8.02122464 1.09084522 -0.808299046124937 0.0
0.0020972691913348864 0.8045198430903622 -8.0637145 2.93975014 -0.8069292777268929 0.0
0.0020860027083097004 0.7978113327075632 -8.06978577 2.66542689 -0.8045198430903622 0.0
0.002090583324974265 0.780297661588789 -8.09660965 4.88121039 -0.7978113327075632 0.0
0.0021228622910378597 0.747459197959494 -8.13376758 2.86093428 -0.780297661588789 0.0
0.0021386110364791234 0.7453460280204158 -8.1231707 1.66532121 -0.747459197959494 0.0
0.0021316771533483243 0.7340841354907958 -8.15525166 4.22648075 -0.7453460280204158 0.0
0.0021237465175262846 0.7328686514742017 -8.1387451 1.58859125 -0.7340841354907958 0.0
0.0021191791384724654 0.7185403080664379 -8.17494951 3.15236291 -0.7328686514742017 0.0
0.0021193317812734365 0.7127809042884922 -7.69059547 0.17966091 -0.7185403080664379 0.0
0.002112602997510195 0.7050064764978574 -8.18109712 1.64171952 -0.7127809042884922 0.0
0.0021233929324865337 0.6827995882890847 -8.23032573 3.4780968 -0.7050064764978574 0.0
0.0021337759998735803 0.6752409522322741 -8.21549456 1.18401963 -0.6827995882890847 0.0
0.002131453731154162 0.665088273088143 -8.15272344 0.49981674 -0.6752409522322741 0.0
0.0021351763134978513 0.6518682614836953 -8.26129032 1.27232563 -0.665088273088143 0.0
0.002128592549628186 0.6513204729702328 -8.26279865 1.28563513 -0.6518682614836953 0.0
0.0021111307346312405 0.6484441717404245 -8.28347444 2.07039086 -0.6513204729702328 0.0
0.0020946014285083796 0.6471389904343383 -8.15945102 0.41883645 -0.6484441717404245 0.0
0.0020823353054575853 0.640301331402753 -8.29932544 2.09127851 -0.6471389904343383 0.0
0.0020718782654016196 0.6372977686322949 -9.95895205 2.46046001 -0.640301331402753 0.0
0.0020562598538845724 0.6355328785974228 -9.93071505 0.79487948 -0.6372977686322949 0.0
0.002037793597681745 0.6354384802629207 -9.9531444 3.07834619 -0.6355328785974228 0.0
0.002017842912213975 0.6353093731813468 -9.95770058 4.43317015 -0.6354384802629207 0.0
0.002001813675594049 0.6314923930619223 -9.93299618 3.03798719 -0.6353093731813468 0.0
0.0019860739572019944 0.6311926980420729 -9.9335059 3.45924409 -0.6314923930619223 0.0
0.0019690214994793 0.6288392648115178 -9.92608789 4.72380376 -0.6311926980420729 0.0
0.0019523975856943472 0.6282478793776471 -8.30238238 1.12189982 -0.6288392648115178 0.0
0.0019380588181441471 0.6236862887317369 -9.89607646 3.60271529 -0.6282478793776471 0.0
0.0019250039470737354 0.621860538513458 -8.34056915 2.63220076 -0.6236862887317369 0.0
0.0019131913250439165 0.616103718152246 -9.85065786 2.48242165 -0.621860538513458 0.0
0.001901015046424667 0.614721509335704 -9.85345827 4.41325052 -0.616103718152246 0.0
0.0018838729889799253 0.6143190597404002 -9.84235097 2.61391161 -0.614721509335704 0.0
0.0018656845033875788 0.6142243025078229 -9.83284853 1.63088045 -0.6143190597404002 0.0
0.001848343528496542 0.6130950420286698 -8.34776696 1.4962229 -0.6142243025078229 0.0
0.001831469081587556 0.6126662206923855 -9.8293244 2.07406568 -0.6130950420286698 0.0
0.0018152528448638562 0.6109823534923777 -9.82651033 2.83790784 -0.6126662206923855 0.0
0.0017989253248868863 0.610835498739525 -9.82627749 2.92030671 -0.6109823534923777 0.0
0.0017820938192489235 0.6098828511221158 -9.82746391 4.13163769 -0.610835498739525 0.0
0.0017654885841460767 0.6096576341481735 -8.3682066 2.82558564 -0.6098828511221158 0.0
0.0017485645745390248 0.6092467430626409 -9.80840868 1.78398365 -0.6096576341481735 0.0
0.0017318737445620954 0.6089395468214692 -8.37105924 4.72771476 -0.6092467430626409 0.0
0.0017206141387474184 0.6024019970880787 -9.77830459 2.4309051 -0.6089395468214692 0.0
0.001709408551953333 0.6020959234090144 -9.75492263 0.23314713 -0.6024019970880787 0.0
0.0016964223037826578 0.5977578734047011 -9.7620553 3.73110911 -0.6020959234090144 0.0
0.0016839950849430313 0.596895761066869 -9.75877185 3.99682538 -0.5977578734047011 0.0
0.001670163279400626 0.5943538480000211 -9.73430497 2.34036277 -0.596895761066869 0.0
0.0016565740918645761 0.593333192522091 -9.73781671 3.62140622 -0.5943538480000211 0.0
0.0016423144964869047 0.5917438462693847 -9.72480086 2.91841335 -0.593333192522091 0.0
0.0016288301858106272 0.589921620469642 -9.71019821 2.34706462 -0.5917438462693847 0.0
0.001614360273435632 0.5896890020997656 -8.3862865 0.98436118 -0.589921620469642 0.0
0.001600595520211419 0.5871485637953907 -9.69058925 1.9219999 -0.5896890020997656 0.0
0.001587063590991108 0.5867672621837111 -8.40857584 1.32973468 -0.5871485637953907 0.0
0.0015744093330217637 0.5832616089299635 -9.66313691 1.4582168 -0.5867672621837111 0.0
0.001562216633595689 0.5824125954871586 -9.68151514 4.22661832 -0.5832616089299635 0.0
0.0015480192467978147 0.5816199706027847 -8.43869011 4.72031906 -0.5824125954871586 0.0
0.0015358098193248538 0.5783512416756371 -9.62708629 0.8820248 -0.5816199706027847 0.0
0.0015234087227239492 0.5779314952960388 -8.38864912 0.66040234 -0.5783512416756371 0.0
0.0015107605249193717 0.5751269459886967 -9.62687063 2.31138386 -0.5779314952960388 0.0
0.0014982316182206318 0.5746842991453838 -9.63132615 3.11253303 -0.5751269459886967 0.0
0.0014856583327048317 0.5720829185816069 -8.41798604 0.75535909 -0.5746842991453838 0.0
0.0014739180732137496 0.5706500284319282 -8.43149446 0.85233872 -0.5720829185816069 0.0
0.0014611032725956221 0.5696467840998066 -8.4465719 1.03477647 -0.5706500284319282 0.0
0.0014476030986329321 0.5693144692558418 -9.60561118 3.87532194 -0.5696467840998066 0.0
0.00143523546449305 0.5669080040151177 -9.55903795 0.70751677 -0.5693144692558418 0.0
0.0014230846847843315 0.5664166075985696 -9.58915776 3.9464948 -0.5669080040151177 0.0
0.001410354751204889 0.5649789175522324 -8.48840351 3.33406343 -0.5664166075985696 0.0
0.001400368507316703 0.5607316346980468 -9.52324654 0.84276266 -0.5649789175522324 0.0
0.0013896215469804932 0.5604817211815284 -8.49595357 1.74885393 -0.5607316346980468 0.0
0.001376600775745128 0.559659500803056 -8.50533618 4.09520825 -0.5604817211815284 0.0
0.0013635612112374593 0.559615769898855 -9.54365863 3.26159256 -0.559659500803056 0.0
0.0013507053721754701 0.5587047683442574 -9.52191365 1.71278819 -0.559615769898855 0.0
0.0013389592587103086 0.5571841074368005 -9.53402585 3.97689385 -0.5587047683442574 0.0
0.0013272495035576406 0.5563714559339744 -9.50205685 1.31882604 -0.5571841074368005 0.0
0.0013147975463988445 0.5561354181128835 -8.50679651 1.49644991 -0.5563714559339744 0.0
0.0013021249860575945 0.5558411260529679 -9.51333576 2.50777903 -0.5561354181128835 0.0
0.0012894604589808716 0.5557820407952699 -9.51889828 3.12909791 -0.5558411260529679 0.0
0.0012769014135449361 0.5555155003751773 -9.51334529 2.70960395 -0.5557820407952699 0.0
0.0012649126097142819 0.5547481803182068 -9.52185725 4.4249317 -0.5555155003751773 0.0
0.001253291251468971 0.5540746935677459 -9.50998697 3.34015693 -0.5547481803182068 0.0
0.0012420335913275239 0.5528938796190015 -9.47985926 0.37074327 -0.5540746935677459 0.0
0.001230871149913619 0.552229510924303 -9.47880952 1.55531907 -0.5528938796190015 0.0
0.0012203430036822477 0.5501745649979024 -9.4650361 1.5248929 -0.552229510924303 0.0
0.0012100228278836551 0.5493134675671214 -9.46099955 1.64723357 -0.5501745649979024 0.0
0.001201635866430782 0.5441910277080932 -9.45384047 4.36343826 -0.5493134675671214 0.0
0.001193974951258133 0.5421988673389817 -8.56804869 4.87132619 -0.5441910277080932 0.0
0.0011834839795082652 0.5419402356716714 -9.42717377 3.00360179 -0.5421988673389817 0.0
0.0011723989428984872 0.5411195275903709 -8.509902 0.62071974 -0.5419402356716714 0.0
0.0011617787432620435 0.5402391956658193 -9.40591996 2.17701218 -0.5411195275903709 0.0
0.0011518652640103728 0.538358821922273 -9.38083148 1.26515451 -0.5402391956658193 0.0
0.001141893372735739 0.5377274678950924 -9.37360689 0.96162544 -0.538358821922273 0.0
0.001131392279027916 0.5369357339785429 -9.38752434 2.61513175 -0.5377274678950924 0.0
0.0011206706976739085 0.536869923271706 -8.58980039 1.8509093 -0.5369357339785429 0.0
0.0011112741534272258 0.5338775104363527 -9.37128111 3.18064829 -0.536869923271706 0.0
0.0011023877450267098 0.5330246815462858 -9.34237194 1.35541672 -0.5338775104363527 0.0
0.001092125523233685 0.5326820679512253 -9.35905823 2.88652107 -0.5330246815462858 0.0
0.001081509177606041 0.5326607233291436 -8.61158457 2.01892378 -0.5326820679512253 0.0
0.00107104860676084 0.5322200096332587 -8.61640916 3.13881209 -0.5326607233291436 0.0
0.001061017083902388 0.5315805426925398 -8.61905889 2.41426293 -0.5322200096332587 0.0
0.001050856466115973 0.5315641407729257 -8.61873629 2.29978219 -0.5315805426925398 0.0
0.0010404629915009456 0.5315593118710007 -8.60132238 1.18779677 -0.5315641407729257 0.0
0.0010301840217638112 0.5315201795110538 -9.3368421 1.83666996 -0.5315593118710007 0.0
0.001021258101735755 0.5290644531758596 -9.30923652 1.10981177 -0.5315201795110538 0.0
0.0010124121984948582 0.5290170139484826 -9.32132965 2.16078481 -0.5290644531758596 0.0
0.0010025092725250914 0.5288231385938815 -8.63387152 3.1178023 -0.5290170139484826 0.0
0.0009929878834417875 0.5282023322770031 -9.33439904 3.84113686 -0.5288231385938815 0.0
0.0009835369771472513 0.5280488411678337 -9.33318413 3.84128218 -0.5282023322770031 0.0
0.0009740477901713893 0.52769142922705 -9.31199521 2.2687765 -0.5280488411678337 0.0
0.0009645954250488632 0.5276513550222754 -9.32619763 3.46800812 -0.52769142922705 0.0
0.0009551122775211353 0.5275504959035021 -8.62931506 1.39713276 -0.5276513550222754 0.0
0.0009459004062190563 0.5271339681139235 -9.31940637 3.23132888 -0.5275504959035021 0.0
0.0009369331445301125 0.5267005488532951 -9.31745647 3.3726196 -0.5271339681139235 0.0
0.0009281035898524327 0.5261704808585042 -9.28642205 0.7825097 -0.5267005488532951 0.0
0.0009192083689566993 0.526060864808484 -9.3162134 3.74608902 -0.5261704808585042 0.0
0.0009102863291544554 0.525777103598272 -9.29414332 2.12915405 -0.526060864808484 0.0
0.0009014615049943243 0.525643900949169 -9.30735065 0.32527766 -0.525777103598272 0.0
0.0008927980574776926 0.5251903385081502 -9.29901272 0.36467484 -0.525643900949169 0.0
0.0008844055458002593 0.5246326579740607 -9.3097044 4.28082536 -0.5251903385081502 0.0
0.0008761925561186623 0.5239493956697618 -9.29453074 3.37704259 -0.5246326579740607 0.0
0.000868087286778721 0.523319197428314 -8.66512111 2.38082791 -0.5239493956697618 0.0
0.0008597938096117562 0.5232479682911766 -9.26592332 1.66349044 -0.523319197428314 0.0
0.0008515116249631777 0.5227774935733207 -8.66402392 4.41229278 -0.5232479682911766 0.0
0.0008437302079859632 0.5217082723260686 -9.27608671 3.47001132 -0.5227774935733207 0.0
0.0008359011618357877 0.5215213669592109 -9.25027249 1.66044527 -0.5217082723260686 0.0
0.0008277569401953639 0.5213892418984661 -9.26460189 2.7883943 -0.5215213669592109 0.0
0.0008196518918706568 0.5213003684389749 -9.24805501 1.64612235 -0.5213892418984661 0.0
0.0008116695220721914 0.5210615189168055 -9.26507536 3.05026929 -0.5213003684389749 0.0
0.000803729825508715 0.5210598725004879 -8.67682381 1.88389817 -0.5210615189168055 0.0
0.000796069402784694 0.5203146026854665 -9.23554666 1.33169729 -0.5210598725004879 0.0
0.000788596987079386 0.5200210347421563 -8.6843501 3.65797081 -0.5203146026854665 0.0
0.0007810631434171865 0.5196127707527188 -9.26694889 4.35079081 -0.5200210347421563 0.0
0.0007738380245549392 0.5187073661625938 -8.68481799 1.39877385 -0.5196127707527188 0.0
0.0007667930086780561 0.518003402975507 -9.24631086 3.836528 -0.5187073661625938 0.0
0.0007596355440529609 0.5175628743574665 -8.70330432 3.09464163 -0.518003402975507 0.0
0.0007524892760441244 0.5170068211410646 -8.70808626 2.81457752 -0.5175628743574665 0.0
0.0007452778725142822 0.5169213638542345 -9.22724144 3.17354132 -0.5170068211410646 0.0
0.0007379440893340786 0.516884298069678 -8.70853272 2.16666622 -0.5169213638542345 0.0
0.0007307129549588239 0.5167154166598731 -9.21590942 2.53329284 -0.516884298069678 0.0
0.0007235780268896 0.5166082750528731 -9.20117378 0.83745402 -0.5167154166598731 0.0
0.0007166143839091284 0.5161558224132209 -9.19601756 1.52354856 -0.5166082750528731 0.0
0.0007097621556342629 0.5159234861810584 -8.71247443 3.79975615 -0.5161558224132209 0.0
0.0007028167271459474 0.5159226774099267 -9.23146384 4.30278655 -0.5159234861810584 0.0
0.0006958912213943757 0.5158284261552916 -8.62658326 0.54483983 -0.5159226774099267 0.0
0.0006891718191413695 0.5154275385280458 -9.21007327 3.04355101 -0.5158284261552916 0.0
0.0006825203372392316 0.515324306571444 -9.18512262 1.17683754 -0.5154275385280458 0.0
0.0006758039304659392 0.5153055432158361 -9.20536545 2.81277467 -0.515324306571444 0.0
0.0006691269033806999 0.5152821588969281 -8.72027656 1.98875703 -0.5153055432158361 0.0
0.0006625315603276897 0.5152159591383303 -9.19625987 2.28072577 -0.5152821588969281 0.0
0.0006565110883317702 0.5136393400962881 -8.70106448 0.93366412 -0.5152159591383303 0.0
0.0006506780535875379 0.5131639427587654 -8.73846423 3.05187962 -0.5136393400962881 0.0
0.000644402918944191 0.5131202174500098 -8.73417537 3.90270332 -0.5131639427587654 0.0
0.0006380570446618792 0.5130562615121927 -9.17982421 2.77097791 -0.5131202174500098 0.0
0.0006318580654420447 0.5127453831130475 -9.23014895 0.24093001 -0.5130562615121927 0.0
0.0006258492752058702 0.5122660755793679 -8.74765793 2.76421934 -0.5127453831130475 0.0
0.0006198620838640922 0.5120697931320177 -9.18562622 3.9079919 -0.5122660755793679 0.0
0.0006138400317527199 0.5118907088922875 -9.15483473 2.08981742 -0.5120697931320177 0.0
0.0006079715227197203 0.511381820870052 -8.75179833 1.64055081 -0.5118907088922875 0.0
0.0006021166375824828 0.5113437159242151 -9.23724069 0.19498738 -0.511381820870052 0.0
0.0005961839514611622 0.5112849873484084 -9.14349469 1.84176753 -0.5113437159242151 0.0
0.0005903102452753054 0.5112451031366442 -9.1446106 1.95490398 -0.5112849873484084 0.0
0.0005844889616110599 0.5112050108314886 -8.73207004 1.05586374 -0.5112451031366442 0.0
0.0005787295749397795 0.5111496067053436 -8.75218758 1.5401017 -0.5112050108314886 0.0
0.0005730396157270236 0.5110652728910665 -9.16207901 3.1427779 -0.5111496067053436 0.0
0.000567401616034241 0.5110239060673992 -9.1687698 3.59545678 -0.5110652728910665 0.0
0.0005618777334978689 0.5107308329072409 -9.15237318 2.81613104 -0.5110239060673992 0.0
0.0005563966661384521 0.5107288268554492 -9.15495316 2.96854108 -0.5107308329072409 0.0
0.0005510308470120728 0.5102115919114814 -9.16691604 4.13627095 -0.5107288268554492 0.0
0.00054575596339548 0.5100658414380541 -8.77003106 2.04698098 -0.5102115919114814 0.0
0.0005403999885147246 0.5100356001440449 -8.53220821 0.28449236 -0.5100658414380541 0.0
0.0005350807345087349 0.5099490687711147 -8.75578366 4.81288257 -0.5100356001440449 0.0
0.0005298730797029295 0.5096952237255531 -8.7643667 4.06871078 -0.5099490687711147 0.0
0.0005247566708731318 0.509454074515628 -8.76815339 3.90707415 -0.5096952237255531 0.0
0.0005196243980452924 0.5094514114167634 -8.76678307 4.07439661 -0.509454074515628 0.0
0.0005144956331624123 0.5093917565572704 -8.77622908 2.90460359 -0.5094514114167634 0.0
0.0005094288000035004 0.5093446886644626 -8.74609978 0.98934016 -0.5093917565572704 0.0
0.0005045147104287814 0.5088773494111763 -9.14178271 3.62077535 -0.5093446886644626 0.0
0.0004996605193453069 0.5087801572903117 -9.1048112 1.33762232 -0.5088773494111763 0.0
0.0004947752839568976 0.5086271288499801 -8.7870441 2.07377978 -0.5087801572903117 0.0
0.0004899244103812317 0.5085846362038944 -8.7854482 2.91173936 -0.5086271288499801 0.0
0.00048508652909427704 0.5085741250172424 -8.77147267 4.57053802 -0.5085846362038944 0.0
0.00048030197198525214 0.508508517804039 -8.78560728 3.02111863 -0.5085741250172424 0.0
0.0004755767179341314 0.508447070819922 -9.14263392 4.02599868 -0.508508517804039 0.0
0.00047092297533628507 0.5082751910453087 -8.78056418 1.38529353 -0.508447070819922 0.0
0.00046634088795631436 0.5081017300699491 -8.77511865 4.71497405 -0.5082751910453087 0.0
0.0004617933789216815 0.5079731792339282 -8.7927216 1.73756649 -0.5081017300699491 0.0
0.00045725286801578843 0.5079630636713909 -8.78279418 4.06794984 -0.5079731792339282 0.0
0.00045276086873269003 0.507817436913051 -9.10055804 2.24168292 -0.5079630636713909 0.0
0.00044832432183707923 0.5077567962565178 -8.78700978 3.87716001 -0.507817436913051 0.0
0.0004439219143928741 0.5076532263553661 -9.09411505 0.9454584 -0.5077567962565178 0.0
0.0004395792840124915 0.5075172998721637 -9.10987547 2.95680034 -0.5076532263553661 0.0
0.0004352692668941495 0.5074590665774509 -8.765387 0.96234066 -0.5075172998721637 0.0
0.00043098488198427314 0.5074003002873071 -9.11674206 0.56889023 -0.5074590665774509 0.0
0.000426739290528261 0.507357898355664 -9.08774568 1.94031775 -0.5074003002873071 0.0
0.0004225434030720494 0.507261830941033 -8.80514122 2.02747413 -0.507357898355664 0.0
0.0004183970764771854 0.5071797267203392 -8.80102297 1.58260497 -0.507261830941033 0.0
0.00041431525747110705 0.5069686783351537 -9.0878213 0.85835438 -0.5071797267203392 0.0
0.0004102994346174846 0.5067589729530737 -8.81155678 2.57468697 -0.5069686783351537 0.0
0.00040629803997799935 0.5066684928163585 -9.10318825 3.29515325 -0.5067589729530737 0.0
0.0004023015306936443 0.506628499803026 -9.10077836 3.20975963 -0.5066684928163585 0.0
0.0003983295015180021 0.5066124863213483 -9.08285747 0.85162834 -0.506628499803026 0.0
0.0003943992519868932 0.5065594985133643 -9.07203264 1.83365893 -0.5066124863213483 0.0
0.00039061634374050436 0.5059876375111446 -8.82491422 2.32900544 -0.5065594985133643 0.0
0.00038687249629554244 0.5059201330175467 -9.11233199 4.40137898 -0.5059876375111446 0.0
0.00038308483331135835 0.5057644012421272 -8.82918702 2.08444861 -0.5059201330175467 0.0
0.00037934846549817907 0.5056219600331464 -9.07753469 0.71882917 -0.5057644012421272 0.0
0.0003756196106484412 0.505620252861729 -8.82932471 2.6132473 -0.5056219600331464 0.0
0.000371908880388579 0.5055774556200313 -9.05882906 2.17953689 -0.505620252861729 0.0
0.0003682927356836229 0.5052611751689452 -9.0484481 1.11344848 -0.5055774556200313 0.0
0.0003647178978554957 0.50518462472744 -8.8310779 3.12939736 -0.5052611751689452 0.0
0.00036113230793079806 0.505120067073419 -8.83770117 1.65724959 -0.50518462472744 0.0
0.0003576123975654985 0.5048733444860038 -8.84163219 2.73775822 -0.505120067073419 0.0
0.00035414506615208424 0.5047055790322867 -9.05341016 2.74422283 -0.5048733444860038 0.0
0.00035072544175934604 0.504378543316983 -9.03709805 2.42786929 -0.5047055790322867 0.0
0.0003473100853429242 0.5043762936957139 -9.02611991 1.213088 -0.504378543316983 0.0
0.00034387557211682825 0.5043541129983701 -9.03884219 2.51492622 -0.5043762936957139 0.0
0.0003404747012688432 0.5043537497041467 -8.8488373 2.96799836 -0.5043541129983701 0.0
0.00033711066940743265 0.5043125552149776 -8.85724358 2.41368726 -0.5043537497041467 0.0
0.0003337830595800224 0.5042931128275299 -9.04368864 2.74318451 -0.5043125552149776 0.0
0.00033049048543724174 0.5042386726400724 -8.85665319 2.60467075 -0.5042931128275299 0.0
0.00032723245023237845 0.5042066409365868 -8.8537859 2.84976936 -0.5042386726400724 0.0
0.00032400062438315235 0.5041886756356895 -9.01950128 1.90604439 -0.5042066409365868 0.0
0.0003208003554529756 0.5041588971446982 -8.85495056 2.84267783 -0.5041886756356895 0.0
0.0003176330383050518 0.5041324842011039 -8.82751068 4.57216658 -0.5041588971446982 0.0
0.00031449270873826614 0.5041299485517403 -8.850014 3.18081991 -0.5041324842011039 0.0
0.00031138471981704657 0.5040952294407117 -9.01348764 1.62044198 -0.5041299485517403 0.0
0.0003083218395462656 0.5039993246120452 -8.86542698 1.69900165 -0.5040952294407117 0.0
0.0003052876935709596 0.5039737283448356 -9.04206094 2.96219537 -0.5039993246120452 0.0
0.0003022700249571961 0.503966361493124 -8.86838547 2.15829388 -0.5039737283448356 0.0
0.0002992882486136103 0.5039002458656456 -9.08820258 4.93695009 -0.503966361493124 0.0
0.0002963428504489059 0.5038458766446438 -9.02206204 2.41852839 -0.5039002458656456 0.0
0.00029342558745821417 0.5037855653768968 -8.85155905 3.49578033 -0.5038458766446438 0.0
0.00029053582736382835 0.503739561305199 -9.1468839 0.26156775 -0.5037855653768968 0.0
0.000287685564203817 0.5036025197252623 -8.87909072 1.75466955 -0.503739561305199 0.0
0.00028487883070762375 0.5034472175063534 -8.99566428 1.33216093 -0.5036025197252623 0.0
0.000282086372471742 0.5034031025747678 -9.03480577 3.21382585 -0.5034472175063534 0.0
0.0002793071117221063 0.5033493042609899 -9.04687626 3.65560105 -0.5034031025747678 0.0
0.00027655450240086194 0.5033104772809844 -8.89159994 1.82331978 -0.5033493042609899 0.0
0.00027383224973754814 0.5032330941674161 -9.01507303 2.79269477 -0.5033104772809844 0.0
0.000271135452319237 0.5032041574864152 -8.97948792 1.66307391 -0.5032330941674161 0.0
0.0002684651619843542 0.5031271638511897 -8.85611512 3.97534945 -0.5032041574864152 0.0
0.0002658187770313371 0.5031162298559673 -8.90003004 2.09603078 -0.5031271638511897 0.0
0.0002631903200734051 0.5031012347802453 -8.84409739 4.63865804 -0.5031162298559673 0.0
0.00026058874101600514 0.5030834906994907 -9.0418379 3.71247381 -0.5031012347802453 0.0
0.0002580187126069775 0.5030232696991705 -9.01912464 3.08839183 -0.5030834906994907 0.0
0.00025547285037199897 0.5030147652109194 -8.99398636 2.48192055 -0.5030232696991705 0.0
0.00025294848655940574 0.502983179551679 -9.00874876 0.91830366 -0.5030147652109194 0.0
0.0002504504421709949 0.5029636878518218 -9.00958615 2.89728364 -0.502983179551679 0.0
0.00024797637368303635 0.5029377000961923 -8.96243426 1.80089147 -0.5029636878518218 0.0
0.0002455263013691744 0.5029218237133288 -8.89794834 2.55643482 -0.5029377000961923 0.0
0.00024309802649231265 0.5029156627037592 -8.86265233 3.88939788 -0.5029218237133288 0.0
0.00024070227704534047 0.5028290805873075 -8.84844859 0.98644368 -0.5029156627037592 0.0
0.00023833251015531085 0.5028030087234767 -8.9588672 1.43815981 -0.5028290805873075 0.0
0.00023597765397472413 0.5027877910316405 -8.91392105 2.3196048 -0.5028030087234767 0.0
0.0002336444352995641 0.5027756700476966 -8.86848731 1.10859455 -0.5027877910316405 0.0
0.00023133306342826366 0.5027710240290024 -8.91624267 2.29629268 -0.5027756700476966 0.0
0.00022904358035504964 0.5027674331911782 -8.94244328 1.99063752 -0.5027710240290024 0.0
0.00022677711993614798 0.5027595783878709 -9.01087697 3.11165476 -0.5027674331911782 0.0
0.00022453459034278578 0.5027425957106394 -9.12055573 0.30469457 -0.5027595783878709 0.0
0.00022231419267065283 0.5027351345431019 -8.87636767 3.51200987 -0.5027425957106394 0.0
0.00022011433098245516 0.5027310659112697 -8.90775411 1.39376201 -0.5027351345431019 0.0
0.00021793590978663125 0.5027266126086135 -8.9682031 2.32702862 -0.5027310659112697 0.0
0.00021577979066922525 0.5027156597297541 -8.88737377 1.22776904 -0.5027266126086135 0.0
0.00021364532901740373 0.5027081527623909 -8.91032244 2.52454803 -0.5027156597297541 0.0
0.00021153117453361197 0.5027048262645457 -8.91649125 2.3996546 -0.5027081527623909 0.0
0.00020944026536802416 0.5026751227731623 -8.90804645 2.62134964 -0.5027048262645457 0.0
0.00020737065302608998 0.5026657299705051 -8.8880273 1.2135765 -0.5026751227731623 0.0
0.00020532017672233026 0.5026488370822709 -8.85811461 4.37905453 -0.5026657299705051 0.0
0.00020329414441182275 0.5025984305984779 -8.9274788 1.39077858 -0.5026488370822709 0.0
0.00020128986062213763 0.5025640863027724 -8.80124438 0.72160313 -0.5025984305984779 0.0
0.00019930109557449665 0.5025562437596391 -8.85275974 4.74223765 -0.5025640863027724 0.0
0.00019732976076990906 0.5025443895572834 -8.93941385 1.34068766 -0.5025562437596391 0.0
0.0001953788366004094 0.5025272144647498 -8.99564849 0.92045429 -0.5025443895572834 0.0
0.00019345520034571561 0.5024326555243692 -8.92704592 2.61876218 -0.5025272144647498 0.0
0.00019154977962367156 0.5024230350401785 -8.94352987 2.54119762 -0.5024326555243692 0.0
0.0001896622125517117 0.5023381143654146 -9.15151865 0.2235113 -0.5024230350401785 0.0
0.00018779699283881258 0.5022885865427407 -8.94194282 2.70004677 -0.5023381143654146 0.0
0.00018594859458541345 0.5022200367299707 -8.92143173 1.17908243 -0.5022885865427407 0.0
0.0001841147327060548 0.502210227123169 -8.92972117 1.17734843 -0.5022200367299707 0.0
0.0001822933357043382 0.5022033476794046 -8.96685477 2.88563898 -0.502210227123169 0.0
0.0001804897225572242 0.5021961391278535 -9.04880003 4.7544468 -0.5022033476794046 0.0
0.00017870417391264605 0.5021868028306757 -8.88866481 3.6705618 -0.5021961391278535 0.0
0.00017693595733540786 0.5021833471027284 -8.89155663 3.58929467 -0.5021868028306757 0.0
0.00017518648333810635 0.502159778273986 -8.88168506 3.92162483 -0.5021833471027284 0.0
0.0001734540912032126 0.5021588158025583 -8.9405365 2.84569244 -0.502159778273986 0.0
0.00017174096028609316 0.5021104443870796 -8.91777302 3.09807736 -0.5021588158025583 0.0
0.00017004541273851298 0.5021016767451293 -8.97886475 3.11422818 -0.5021104443870796 0.0
0.0001683640271189581 0.5020839263930014 -9.03876374 4.4963975 -0.5021016767451293 0.0
0.00016669898913235196 0.5020784900888691 -8.90489338 3.36447599 -0.5020839263930014 0.0
0.0001650635475408322 0.5019016512565788 -8.9417384 1.05181974 -0.5020784900888691 0.0
0.00016344686723668048 0.5018629606834086 -8.87408067 4.50006213 -0.5019016512565788 0.0
0.00016183197118034556 0.5018597581319851 -9.0104387 0.70815914 -0.5018629606834086 0.0
0.0001602366568656805 0.501775809078828 -8.98578074 3.50705412 -0.5018597581319851 0.0
0.00015865733314905599 0.5017692720807077 -8.9610242 3.26423664 -0.501775809078828 0.0
0.00015708803725366873 0.5017558356370305 -8.9997252 3.76099791 -0.5017692720807077 0.0
0.00015553931831566875 0.5016843005379455 -8.89947985 0.98879906 -0.5017558356370305 0.0
0.0001540068562756637 0.5016580285626908 -8.8733936 4.7374593 -0.5016843005379455 0.0
0.0001524842427616725 0.5016553549351327 -8.91497297 3.60424579 -0.5016580285626908 0.0
0.00015097484653219317 0.5016534086033597 -8.91365861 1.00384028 -0.5016553549351327 0.0
0.0001494815686473229 0.5016349834961686 -8.87708702 4.61955185 -0.5016534086033597 0.0
0.00014800466019693342 0.5016114219606116 -8.95382516 0.94189193 -0.5016349834961686 0.0
0.00014654140677080557 0.5016057866385898 -8.87524384 4.71918312 -0.5016114219606116 0.0
0.00014509444121467815 0.5015571197768304 -8.97221952 3.54436824 -0.5016057866385898 0.0
0.00014366280525597488 0.5015369756829882 -8.8914998 4.24500555 -0.5015571197768304 0.0
0.00014224210376671017 0.5015331811500322 -8.93045903 3.53469709 -0.5015369756829882 0.0
0.0001408346984872362 0.5015237348643312 -9.02152458 4.48072566 -0.5015331811500322 0.0
0.00013944294850048026 0.5014951300169725 -9.02274456 4.54149827 -0.5015237348643312 0.0
0.00013806565099262077 0.5014755578968837 -8.2953621 0.14656923 -0.5014951300169725 0.0
0.000136700289698646 0.5014713500319284 -9.02937411 4.76167368 -0.5014755578968837 0.0
0.00013534818581836648 0.5014553974873315 -8.88052605 4.67862753 -0.5014713500319284 0.0
0.0001340106420797014 0.5014334824530478 -8.95429849 3.5562137 -0.5014553974873315 0.0
0.00013268757630797127 0.5013985374541192 -8.98262995 3.80573322 -0.5014334824530478 0.0
0.0001313763706975074 0.5013949243308631 -8.94661864 3.58956111 -0.5013985374541192 0.0
0.00013007725315997728 0.5013733430268025 -9.0232684 4.67041348 -0.5013949243308631 0.0
0.00012879242458461115 0.501347327535306 -8.91703409 3.8751191 -0.5013733430268025 0.0
0.00012751911334403225 0.5013441504732616 -8.83074854 0.73226212 -0.501347327535306 0.0
0.00012625853070215653 0.5013159183320337 -8.92898375 3.75856651 -0.5013441504732616 0.0
0.00012501112095078767 0.5013013582998127 -8.90048345 4.24402739 -0.5013159183320337 0.0
0.00012377475801232757 0.5012937661203514 -8.92358052 3.83801308 -0.5013013582998127 0.0
0.00012255041998563446 0.5012825149326918 -8.9892779 4.00613255 -0.5012937661203514 0.0
0.00012133906524119867 0.5012605408469069 -9.01828783 4.6375602 -0.5012825149326918 0.0
0.0001201399056950236 0.5012456019394537 -8.88788379 0.88594236 -0.5012605408469069 0.0
0.0001189534747554583 0.5012088719035996 -8.98203286 0.7597266 -0.5012456019394537 0.0
0.00011777844440966575 0.5011992966907096 -8.96350689 3.80986756 -0.5012088719035996 0.0
0.00011661292666696387 0.5011984875973164 -8.90665921 4.20793365 -0.5011992966907096 0.0
0.00011545993390462436 0.5011717430520288 -8.95526293 3.803696 -0.5011984875973164 0.0
0.00011431887840495787 0.5011615349779516 -9.01392948 4.61684593 -0.5011717430520288 0.0
0.00011319002639505813 0.5011184152312222 -8.92673501 3.97196703 -0.5011615349779516 0.0
0.00011207193512385885 0.5011150984540826 -8.88972211 4.72333016 -0.5011184152312222 0.0
0.00011096251125768725 0.5011148238525699 -8.95584297 3.85828167 -0.5011150984540826 0.0
0.00010986618231929285 0.5010730511707775 -8.91291393 4.21146275 -0.5011148238525699 0.0
0.00010878260713251901 0.5010374422820558 -9.01715618 4.81869989 -0.5010730511707775 0.0
0.00010771017827606069 0.5009871402168634 -8.95222802 3.97261299 -0.5010374422820558 0.0
0.00010664671829114508 0.5009816037397731 -8.88278175 0.83837035 -0.5009871402168634 0.0
0.00010559130423159261 0.5009777825578907 -9.00522951 4.5842794 -0.5009816037397731 0.0
0.00010454680013781195 0.5009633465424259 -8.86497779 0.79556621 -0.5009777825578907 0.0
0.00010351341159252723 0.5009443897789055 -8.95486295 0.81668702 -0.5009633465424259 0.0
0.00010248974744451789 0.500939517293397 -8.98555138 4.26631838 -0.5009443897789055 0.0
0.00010147599902451303 0.5009246499952498 -8.94126045 4.05049472 -0.500939517293397 0.0
0.00010047266287444827 0.5009121123902407 -8.95526179 4.04714706 -0.5009246499952498 0.0
9.947932770618943e-05 0.5008956252487944 -8.93787521 4.09490758 -0.5009121123902407 0.0
9.849706881837532e-05 0.5008575935496854 -8.97328735 4.19927195 -0.5008956252487944 0.0
9.752642190601993e-05 0.5008018726504487 -8.92534539 4.29425266 -0.5008575935496854 0.0
9.656433573178407e-05 0.5007846460883937 -8.99692632 4.5974893 -0.5008018726504487 0.0
9.560992596777315e-05 0.5007668808359897 -8.62953795 0.3124498 -0.5007846460883937 0.0
9.466445017966927e-05 0.5007601986311577 -8.99466686 4.57927231 -0.5007668808359897 0.0
9.372797990094979e-05 0.5007497779833207 -8.93710183 4.23937776 -0.5007601986311577 0.0
9.28015995355217e-05 0.5007252974221873 -8.94203758 4.23764929 -0.5007497779833207 0.0
9.188672794023986e-05 0.5006636682391753 -8.90554334 4.76461102 -0.5007252974221873 0.0
9.098065892551257e-05 0.5006439464424168 -8.98325107 4.5115218 -0.5006636682391753 0.0
9.008234912422513e-05 0.500608411543458 -8.90690033 4.79060961 -0.5006439464424168 0.0
8.919207891944628e-05 0.5006073003399423 -8.91610576 4.61619776 -0.500608411543458 0.0
8.830962045274098e-05 0.5005941113135681 -8.99846865 4.80873308 -0.5006073003399423 0.0
8.743865177327053e-05 0.5005298970285312 -8.9046638 4.91979394 -0.5005941113135681 0.0
8.65778823694482e-05 0.5004795328377019 -8.94041571 4.48153379 -0.5005298970285312 0.0
8.572470458817434e-05 0.5004358966738529 -8.92027319 4.72114457 -0.5004795328377019 0.0
8.4878594809165e-05 0.5004170970686912 -8.95955311 4.5279042 -0.5004358966738529 0.0
8.404119968948179e-05 0.500364811652956 -8.86300605 0.73185285 -0.5004170970686912 0.0
8.321158062160146e-05 0.5003576802721006 -8.74109977 0.46408189 -0.500364811652956 0.0
8.238808862684889e-05 0.500355464610582 -8.92888209 4.69206555 -0.5003576802721006 0.0
8.157291035495648e-05 0.5003443087133287 -8.95529941 4.58728079 -0.500355464610582 0.0
8.076703474275935e-05 0.5003114621164355 -8.97859864 4.77168212 -0.5003443087133287 0.0
7.997021812160366e-05 0.5002728561864409 -8.97503632 4.77075777 -0.5003114621164355 0.0
7.918053899836749e-05 0.5002582860389527 -8.94686336 4.67340575 -0.5002728561864409 0.0
7.839779634575433e-05 0.5002416540605856 -8.95527464 4.68668585 -0.5002582860389527 0.0
7.762441026193461e-05 0.5001853773983129 -8.72495349 0.43172577 -0.5002416540605856 0.0
7.68581325945478e-05 0.5001823001793233 -8.95118782 4.74212091 -0.5001853773983129 0.0
7.609985630418527e-05 0.5001145409010248 -8.93651164 0.74308856 -0.5001823001793233 0.0
7.534909003168094e-05 0.5001106936690192 -8.95340767 4.81261948 -0.5001145409010248 0.0
7.460580677471395e-05 0.5000408913337632 -8.93744306 4.93009016 -0.5001106936690192 0.0
7.387127041200833e-05 0.4999987384855282 -8.95631683 4.92658923 -0.5000408913337632 0.0
7.314260068660912e-05 0.499966268636638 -8.83046975 0.63436816 -0.4999987384855282 0.0
7.242238182082498e-05 0.49988923190185064 -8.8475712 0.66397241 -0.499966268636638 0.0
7.170950494874008e-05 0.49984978270794644 -9.16394208 0.16875872 -0.49988923190185064 0.0
7.100307714016224e-05 0.4997887472346362 -8.74504121 0.45654227 -0.49984978270794644 0.0
7.030498004150534e-05 0.499710281501774 -8.75486944 0.47171968 -0.4997887472346362 0.0
6.961453446390974e-05 0.49962660996956537 -8.11985791 0.11713828 -0.499710281501774 0.0
6.892861246368718e-05 0.49961363207037623 -8.66386348 0.33773019 -0.49962660996956537 0.0
6.824659646888804e-05 0.49961355385669554 -8.93298574 0.69462032 -0.49961363207037623 0.0
6.757186477893655e-05 0.4995847092037481 -8.9867034 0.57971381 -0.49961355385669554 0.0
6.690437828919745e-05 0.49956746130832663 -8.74981734 0.45908417 -0.4995847092037481 0.0
6.624478640528585e-05 0.4994993371269262 -9.07535912 0.32741004 -0.49956746130832663 0.0
6.559341353152117e-05 0.49942975680015855 -8.86099073 0.65434933 -0.4994993371269262 0.0
6.494666436974596e-05 0.4994164792990995 -8.89349745 0.68651653 -0.49942975680015855 0.0
6.430475829760414e-05 0.4993946049302247 -8.84670458 0.62987292 -0.4994164792990995 0.0
6.367218231289401e-05 0.4992875427600102 -8.8717034 0.65794254 -0.4993946049302247 0.0
6.30458427382052e-05 0.49926522953913743 -8.94944316 0.63965089 -0.4992875427600102 0.0
6.24287043098614e-05 0.4990607908049288 -8.78946943 0.51291201 -0.49926522953913743 0.0
6.181955183311836e-05 0.4989755340786328 -8.97836085 0.55774405 -0.4990607908049288 0.0
6.121041391920594e-05 0.49896482733337 -9.07431078 0.31467391 -0.4989755340786328 0.0
6.060470511034827e-05 0.4989644822929695 -8.8813426 0.64362278 -0.49896482733337 0.0
6.001127826308265e-05 0.4987442108310863 -8.88577392 0.6309874 -0.4989644822929695 0.0
5.942578772294297e-05 0.49867230315092775 -8.91091071 0.62943854 -0.4987442108310863 0.0
5.884191964357924e-05 0.4985910472855506 -8.59003849 0.26071709 -0.49867230315092775 0.0
5.826510236538783e-05 0.49847402939722296 -8.7878081 0.49030473 -0.4985910472855506 0.0
5.769478582551145e-05 0.4983634341373552 -8.7078444 0.37324775 -0.49847402939722296 0.0
5.713574910242053e-05 0.49804699536106256 -8.65240876 0.30868598 -0.4983634341373552 0.0
5.65840648812916e-05 0.49786794188892036 -9.18809445 0.12358171 -0.49804699536106256 0.0
5.6031488000153145e-05 0.49777350375123397 -8.90581931 0.57154211 -0.49786794188892036 0.0
5.548203143010983e-05 0.49767649653230617 -8.95750393 0.51856458 -0.49777350375123397 0.0
5.4937003474358374e-05 0.4976169864181821 -8.84883592 0.53838308 -0.49767649653230617 0.0
5.439782683845985e-05 0.49750170157048856 -8.93972266 0.53262171 -0.4976169864181821 0.0
5.3864147009995395e-05 0.49743457195821067 -9.1365003 0.17856608 -0.49750170157048856 0.0
5.333717411448289e-05 0.49726412980215196 -8.79780325 0.46660335 -0.49743457195821067 0.0
5.281482550420767e-05 0.4972171060532846 -8.66510378 0.31219746 -0.49726412980215196 0.0
5.229608070679703e-05 0.4971044862847309 -8.88266015 0.53494776 -0.4972171060532846 0.0
5.178169758200494e-05 0.4970857838251592 -8.95440717 0.49238156 -0.4971044862847309 0.0
5.1271926086462396e-05 0.49699063814038547 -8.89905023 0.53028737 -0.4970857838251592 0.0
5.07669440613922e-05 0.49698095442870127 -8.9590064 0.48082642 -0.49699063814038547 0.0
5.0265552527687165e-05 0.4969408432888248 -8.88058446 0.52661507 -0.49698095442870127 0.0
4.978274017223687e-05 0.49638369196750065 -8.90379661 0.50062024 -0.4969408432888248 0.0
4.9307299448133425e-05 0.49623252799718987 -8.93167437 0.47792754 -0.49638369196750065 0.0
4.882595981888484e-05 0.49610302273827467 -8.60277882 0.25374383 -0.49623252799718987 0.0
4.834666871397309e-05 0.4960614921162469 -8.88669374 0.48889959 -0.49610302273827467 0.0
4.787010714968786e-05 0.4960145179035811 -8.68072532 0.3136296 -0.4960614921162469 0.0
4.7398800441979445e-05 0.4959494719154184 -9.16548288 0.13184263 -0.4960145179035811 0.0
4.6932018657236946e-05 0.49590741188299825 -8.82349304 0.45244914 -0.4959494719154184 0.0
4.647478902329823e-05 0.49562912727889186 -8.64749724 0.28233949 -0.49590741188299825 0.0
4.60224089275083e-05 0.4955698628050135 -9.17972688 0.11616506 -0.49562912727889186 0.0
4.556821110276396e-05 0.4955646246841407 -9.10311205 0.20040969 -0.4955698628050135 0.0
4.512874448961201e-05 0.49505117677260135 -8.83667949 0.43636838 -0.4955646246841407 0.0
4.469416043918504e-05 0.49501697625997554 -9.09722796 0.20113622 -0.49505117677260135 0.0
4.426365965716539e-05 0.49450825448469615 -8.97319209 0.36946566 -0.49501697625997554 0.0
4.3836569741964895e-05 0.49450749384208204 -8.87426779 0.43256487 -0.49450825448469615 0.0
4.340257506998304e-05 0.49450683654949346 -9.01928113 0.30473442 -0.49450749384208204 0.0
4.297680790979532e-05 0.49432314756987644 -8.96954878 0.36858427 -0.49450683654949346 0.0
4.255558365696648e-05 0.4943052606194409 -8.97778422 0.35782444 -0.49432314756987644 0.0
4.213941821045674e-05 0.49407743880235544 -8.90756756 0.41323988 -0.4943052606194409 0.0
4.1727480063518217e-05 0.49405197825309743 -8.83990795 0.41043436 -0.49407743880235544 0.0
4.1324199771393925e-05 0.4936000816791981 -9.05339195 0.23915489 -0.49405197825309743 0.0
4.092496910420927e-05 0.49356708761818197 -8.61402135 0.24496675 -0.4936000816791981 0.0
4.052202749757499e-05 0.4934887277007309 -8.63374861 0.2564297 -0.49356708761818197 0.0
4.012358077334634e-05 0.4934294340509408 -8.74826031 0.3377858 -0.4934887277007309 0.0
3.9732964568625275e-05 0.4931541355845176 -8.85197766 0.39151666 -0.4934294340509408 0.0
3.935216474920771e-05 0.4927891844795812 -8.80362041 0.36410161 -0.4931541355845176 0.0
3.897352315858794e-05 0.49259037811978024 -9.06820111 0.20625172 -0.4927891844795812 0.0
3.859569464686112e-05 0.4923721040106246 -8.22397307 0.123936 -0.49259037811978024 0.0
3.821988216168378e-05 0.4922594615846184 -8.8576929 0.3713145 -0.4923721040106246 0.0
3.784449492279653e-05 0.49221210153214456 -8.92310254 0.35398663 -0.4922594615846184 0.0
3.747409087920374e-05 0.4920302884397141 -8.7658286 0.32927552 -0.49221210153214456 0.0
3.711175739227794e-05 0.4917433602425746 -8.79617012 0.34151926 -0.4920302884397141 0.0
3.675043802020531e-05 0.491696978180969 -8.97574638 0.29873168 -0.4917433602425746 0.0
3.6389156175043e-05 0.4916013433339178 -8.93974026 0.32867565 -0.491696978180969 0.0
3.6031954118496905e-05 0.49152564325751436 -8.73284574 0.30239498 -0.4916013433339178 0.0
3.567661929544963e-05 0.49152189345343744 -9.15535591 0.11213864 -0.49152564325751436 0.0
3.532681821451845e-05 0.49133129912469514 -9.14884385 0.11607091 -0.49152189345343744 0.0
3.498235925157224e-05 0.4912181963487602 -9.00396805 0.26029061 -0.49133129912469514 0.0
3.464079859748975e-05 0.4910541917761727 -9.09523126 0.16099433 -0.4912181963487602 0.0
3.43015365070076e-05 0.49100150528660425 -9.08946583 0.16612792 -0.4910541917761727 0.0
3.3964728689531054e-05 0.49088864180529845 -8.88850944 0.3390206 -0.49100150528660425 0.0
3.3632494900062865e-05 0.4907606143503315 -8.6640149 0.25472123 -0.49088864180529845 0.0
3.330562709588549e-05 0.4905206807360105 -8.97657708 0.27608919 -0.4907606143503315 0.0
3.298216569131935e-05 0.4903787088625056 -8.8923599 0.32774794 -0.4905206807360105 0.0
3.265826082564205e-05 0.49035830721008977 -8.65905435 0.24915779 -0.4903787088625056 0.0
3.233723584346883e-05 0.49023496382293597 -8.96414266 0.28219604 -0.49035830721008977 0.0
3.233974935080958e-05 0.49020285378800166 -8.96488187 0.28100569 -0.49023496382293597 0.0
3.234527746163193e-05 0.48989313960291764 -9.00860046 0.23531305 -0.49020285378800166 0.0
3.235249217412105e-05 0.4897567781199826 -8.94489126 0.28887349 -0.48989313960291764 0.0
3.23556957505857e-05 0.489695103688883 -8.81425847 0.31541196 -0.4897567781199826 0.0
3.2361081004043734e-05 0.4894239450139785 -8.83031692 0.31445992 -0.489695103688883 0.0
3.2368663521798865e-05 0.4892265303837281 -9.01797682 0.21741074 -0.4894239450139785 0.0
3.2376745669183846e-05 0.4889246394146227 -8.8481652 0.30802066 -0.4892265303837281 0.0
3.238364936705491e-05 0.48880009666634194 -8.77282919 0.29005472 -0.4889246394146227 0.0
3.238722813827518e-05 0.48870362673236123 -8.78048428 0.29162765 -0.48880009666634194 0.0
3.2389378387715764e-05 0.4886673152878145 -8.57922674 0.20341196 -0.48870362673236123 0.0
3.23912991354464e-05 0.48858502805560633 -8.84635851 0.30274969 -0.4886673152878145 0.0
3.2395709155045915e-05 0.4883950445972852 -8.85653767 0.29958102 -0.48858502805560633 0.0
3.240318222653041e-05 0.4881237288320943 -8.68050305 0.24381787 -0.4883950445972852 0.0
3.2411843738442e-05 0.4878605062329766 -8.87781116 0.2884504 -0.4881237288320943 0.0
3.241776036051282e-05 0.48775865729579165 -8.93573451 0.26299547 -0.4878605062329766 0.0
3.242244058326313e-05 0.4875717888498332 -8.96120274 0.24364282 -0.48775865729579165 0.0
3.242590603269077e-05 0.48754489159729764 -8.99177714 0.21984913 -0.4875717888498332 0.0
3.243130700499559e-05 0.48723871285145215 -8.76234215 0.26923115 -0.48754489159729764 0.0
3.243659470217457e-05 0.4872188088652959 -8.86653614 0.28127133 -0.48723871285145215 0.0
3.243709090041302e-05 0.48720811805006586 -8.87761777 0.27899772 -0.4872188088652959 0.0
3.244634428622901e-05 0.48664842500739613 -9.09827362 0.12624514 -0.48720811805006586 0.0
3.2459341594668305e-05 0.48640705768904985 -9.11556373 0.1128891 -0.48664842500739613 0.0
3.247007192398697e-05 0.4859874086450673 -9.07372192 0.13992357 -0.48640705768904985 0.0
3.2477253388868015e-05 0.4859647190626273 -8.82677234 0.2673649 -0.4859874086450673 0.0
3.2479364606656626e-05 0.48585740353138385 -8.7605475 0.25527015 -0.4859647190626273 0.0
3.248206163574055e-05 0.4857986474732784 -8.57400053 0.19021458 -0.48585740353138385 0.0
3.248307507731384e-05 0.4857950035681554 -8.76432171 0.25568706 -0.4857986474732784 0.0
3.2484916261200155e-05 0.4856852910324091 -9.12839819 0.101152 -0.4857950035681554 0.0
3.248920017923418e-05 0.4855312757437383 -8.89287059 0.25259778 -0.4856852910324091 0.0
3.2492860768577224e-05 0.48545995714945955 -8.9784826 0.20635618 -0.4855312757437383 0.0
3.24961758997674e-05 0.4853272363873319 -8.81422204 0.25953265 -0.48545995714945955 0.0
3.250166609269806e-05 0.4851220940220029 -9.04117929 0.15769753 -0.4853272363873319 0.0
3.251931532991608e-05 0.48424166319630535 -8.94150296 0.2163021 -0.4851220940220029 0.0
3.253489729582871e-05 0.48416381060583036 -9.11515765 0.10225935 -0.48424166319630535 0.0
3.2539967989660895e-05 0.4839299916400681 -8.71599826 0.22735078 -0.48416381060583036 0.0
3.254609456660361e-05 0.48378728043835983 -8.87155625 0.23847124 -0.4839299916400681 0.0
3.255488147967263e-05 0.48339013157898236 -9.07201946 0.12505542 -0.48378728043835983 0.0
3.256270005927903e-05 0.4833069681638956 -8.26960857 0.12093879 -0.48339013157898236 0.0
3.256958546367905e-05 0.4829673020794765 -8.90785009 0.21880627 -0.4833069681638956 0.0
3.257559011859433e-05 0.4829382457717798 -9.02659003 0.1517904 -0.4829673020794765 0.0
3.257729361050243e-05 0.4828627190113184 -8.7416545 0.22619454 -0.4829382457717798 0.0
3.2579829193069345e-05 0.4827825863725197 -8.80312837 0.2340537 -0.4828627190113184 0.0
3.2586535615708086e-05 0.4824510955440089 -8.811 0.23136759 -0.4827825863725197 0.0
3.259658315646707e-05 0.48216600603175386 -8.74643618 0.22214563 -0.4824510955440089 0.0
3.2612932635367045e-05 0.48144831482825534 -9.08708273 0.10622205 -0.48216600603175386 0.0
3.264001768558167e-05 0.48050578810737277 -8.90779987 0.1964525 -0.48144831482825534 0.0
3.2656296611515806e-05 0.48045085948729876 -8.96380462 0.17085067 -0.48050578810737277 0.0
3.265936753781886e-05 0.4803177250260563 -8.70677418 0.2027342 -0.48045085948729876 0.0
3.266702399756693e-05 0.4799820705659589 -8.88796005 0.19874374 -0.4803177250260563 0.0
3.268962336657287e-05 0.4789348297165422 -8.68480958 0.19118273 -0.4799820705659589 0.0
3.270821231717158e-05 0.4788448218812568 -8.80525355 0.20311125 -0.4789348297165422 0.0
3.2715046912869376e-05 0.47851698508687635 -8.59167243 0.16966344 -0.4788448218812568 0.0
3.272214601236003e-05 0.47841084892552155 -8.87926917 0.18907533 -0.47851698508687635 0.0
3.272626729862461e-05 0.4782651076000112 -8.90222453 0.18110831 -0.47841084892552155 0.0
3.2733818100687156e-05 0.4779494696682805 -8.65468732 0.1808423 -0.4782651076000112 0.0
3.274202430053068e-05 0.47776376443840685 -8.77122422 0.19578415 -0.4779494696682805 0.0
3.27451182930042e-05 0.47776047784730485 -8.22861086 0.11132245 -0.47776376443840685 0.0
3.274806644071313e-05 0.4775837139571663 -8.68485216 0.18482965 -0.47776047784730485 0.0
3.2760192216402014e-05 0.47702013740243915 -8.82307402 0.18958825 -0.4775837139571663 0.0
3.277204855568276e-05 0.4768599459273041 -8.83872464 0.18659198 -0.47702013740243915 0.0
3.2777170687439695e-05 0.47670756972682915 -8.24413524 0.11192125 -0.4768599459273041 0.0
3.2783215196007614e-05 0.4764911615313464 -9.03603883 0.11083697 -0.47670756972682915 0.0
3.2789776714203534e-05 0.4763073091054008 -8.8793324 0.17460978 -0.4764911615313464 0.0
3.281364743674434e-05 0.4750361011179669 -8.96551222 0.1363372 -0.4763073091054008 0.0
3.283992026944598e-05 0.4747062373328784 -8.78387562 0.17827328 -0.4750361011179669 0.0
3.2853552961879714e-05 0.4742060574916226 -8.89268887 0.15821819 -0.4747062373328784 0.0
3.286635525916992e-05 0.47392699064633914 -9.00618616 0.11347777 -0.4742060574916226 0.0
3.2882981900088074e-05 0.47319465521019277 -8.76937198 0.17080109 -0.47392699064633914 0.0
3.289825222496719e-05 0.47299831414251564 -8.80693423 0.1678479 -0.47319465521019277 0.0
3.290341886311435e-05 0.47288057566770486 -8.9401421 0.1354729 -0.47299831414251564 0.0
3.290676223599357e-05 0.47279509939415443 -8.91682233 0.1431549 -0.47288057566770486 0.0
3.294098827362517e-05 0.47080246489795574 -8.9074645 0.13643695 -0.47279509939415443 0.0
3.298366443815856e-05 0.47020480535541453 -8.90928693 0.13317799 -0.47080246489795574 0.0
3.2996390055182e-05 0.4700309004876223 -8.88067835 0.14025372 -0.47020480535541453 0.0
3.301757426418557e-05 0.46892148558530444 -8.44700216 0.12511025 -0.4700309004876223 0.0
3.303695388031208e-05 0.4688570411727714 -8.64258479 0.1474924 -0.46892148558530444 0.0
3.30585175706794e-05 0.46761686641852135 -8.64751565 0.14430459 -0.4688570411727714 0.0
3.309176488668609e-05 0.4668463937733224 -8.93107274 0.11305194 -0.46761686641852135 0.0
3.3109649402951326e-05 0.46653612971336345 -8.82519879 0.13654517 -0.4668463937733224 0.0
3.313077645618133e-05 0.4655708225820947 -8.94586039 0.10412886 -0.46653612971336345 0.0
3.3147784391665146e-05 0.4655094459709284 -8.86358223 0.12560271 -0.4655708225820947 0.0
3.315043705452558e-05 0.46541077978903284 -8.93985406 0.1054137 -0.4655094459709284 0.0
3.3156049652906785e-05 0.4651708727484681 -8.85124087 0.12685766 -0.46541077978903284 0.0
3.316911682272408e-05 0.4646227734283433 -8.65730052 0.13656322 -0.4651708727484681 0.0
3.318005422878783e-05 0.4645114160995943 -8.906499 0.11178286 -0.4646227734283433 0.0
3.318574578843773e-05 0.4642797420194048 -8.40765839 0.11473426 -0.4645114160995943 0.0
3.318993920450098e-05 0.4642586948271752 -8.85511791 0.12281964 -0.4642797420194048 0.0
3.322557272742833e-05 0.46213477305369727 -8.63758506 0.12936508 -0.4642586948271752 0.0
3.328162007125234e-05 0.4608870512744579 -8.8006017 0.12051498 -0.46213477305369727 0.0
3.331158516963687e-05 0.4603345707989746 -8.85581688 0.10996127 -0.4608870512744579 0.0
3.332483858693077e-05 0.46009142379435514 -8.50762343 0.1172207 -0.4603345707989746 0.0
3.333586790571568e-05 0.4596727815327747 -8.88863274 0.10114945 -0.46009142379435514 0.0
3.335909384186316e-05 0.4586986521966804 -8.76295772 0.11818225 -0.4596727815327747 0.0
3.339663948726228e-05 0.457423217666145 -8.49931229 0.11261998 -0.4586986521966804 0.0
3.3438750865196606e-05 0.45617832846617823 -8.46236427 0.10863049 -0.457423217666145 0.0
3.3492142596040875e-05 0.45423291850577663 -8.80578058 0.10180772 -0.45617832846617823 0.0
3.359946540255498e-05 0.44978374258638226 -8.62780214 0.10425004 -0.45423291850577663 0.0
3.369465258008475e-05 0.448570354966427 -8.67534445 0.10092514 -0.44978374258638226 0.0
3.3718758679213296e-05 0.4483530418359912 -8.51660355 0.10085705 -0.448570354966427 0.0
